5
4 0.501517
9 6 14 14 -0.359615 0.252373 0.102877 -0.0167755 -0.148508 0.184167 0.147966 0.180455 0.226957 -0.00830033 0.0203258 -0.0553346 0.0338031 0.251282 0.0327232 0.17838 0.11676 -0.0244534 -0.0804498 0.188231 0.250952 0.0682465 0.21731 -0.0455548 -0.0417936 0.257182 0.226398 -0.0581365 -0.173142 -0.16268 -0.0639177 0.286286 0.291051
3 0 12 6 -0.0167716 0.228675 0.264312 -0.079862 -0.25246 -0.171797 -0.272431 -0.0235172 0.23208 -0.0446569 -0.050562 0.125278 0.10442 -0.266832 0.0870736 0.0685615 0.124131 0.195242 0.313371 -0.266417 -0.218171 0.0677212 -0.0584153 -0.138872 -0.234108 0.0178906 -0.143657 0.0678724 0.339888 0.052769 -0.0930188 -0.129666 -0.0551178
3 12 8 12 -0.0604408 0.158516 0.277418 -0.242118 -0.105521 -0.152101 -0.0324892 0.0438545 -0.171213 0.026368 -0.107294 0.110303 0.0609971 -0.117697 -0.0470961 0.1196 0.120079 0.354809 0.354809 0.0219841 -0.038733 0.0111772 0.0255306 -0.302641 -0.320158 0.0690847 -0.216473 0.188548 -0.13814 0.107724 0.0467396 -0.178655 0.291885
12 6 12 6 -0.285125 0.330629 0.104204 -0.180109 -0.134086 -0.0740639 0.212431 0.0797291 0.0056852 -0.0178793 0.174462 0.161988 0.211286 0.313722 -0.0887079 -0.123394 0.00519024 -0.079956 -0.154261 0.277099 -0.1279 0.265086 0.102595 0.0997494 0.213949 0.183352 0.338498 -0.0422825 0.0892348 -0.0858939 -0.0933919 -0.0215084 -0.153828

4 0.5001
9 6 14 14 -0.354398 0.233068 0.0901997 -0.0558921 -0.175061 0.187332 0.149905 0.19613 0.196043 0.0256483 0.0400537 -0.0830386 -0.00317488 0.222619 0.0457257 0.186082 0.11942 -0.0680908 -0.0822728 0.178833 0.204602 0.0935902 0.23275 -0.0375063 -0.0377927 0.189316 0.185636 -0.143383 -0.250264 -0.126495 -0.0239632 0.334809 0.300772
0 0 18 12 -0.185569 0.350082 0.269103 -0.116951 -0.056432 -0.220984 -0.277005 0.00424282 0.148379 -0.0916981 -0.0771728 0.261112 0.187384 -0.149137 0.0587689 0.0236922 0.0649662 0.299431 0.350082 -0.103936 -0.185275 0.085657 0.132713 -0.245946 -0.171502 0.104263 0.173971 0.100318 0.0744611 -0.0886928 -0.0951236 0.00951329 0.0439876
6 6 18 12 -0.12313 0.039973 -0.175833 -0.128653 0.164943 -0.0608431 -0.0474578 0.111263 0.200565 -0.0289693 0.219797 0.222351 -0.0159233 0.267611 -0.00667022 -0.0843282 -0.339646 0.201666 0.353191 -0.119474 -0.117188 0.205812 0.12919 -0.221144 -0.263394 -0.0247477 -0.121328 0.0575391 0.0768876 -0.205013 -0.0475627 0.141416 0.295201
18 0 12 6 0.0379014 -0.173288 -0.0276532 -0.101993 -0.0167167 0.194486 0.0488481 0.138452 -0.139699 0.162931 0.305937 -0.133879 -0.328063 0.148508 -0.151774 -0.125815 -0.110723 -0.0667148 0.0750971 -0.022495 0.328695 -0.163361 -0.26477 -0.0140068 0.140266 0.219889 0.240652 -0.223138 -0.210125 -0.309483 -0.107556 0.0536285 -0.0607496

4 0.499374
9 6 14 14 -0.35499 0.211076 0.100356 -0.0525619 -0.164779 0.182082 0.167567 0.212567 0.180616 0.0361816 0.0439682 -0.10845 -0.0308365 0.233381 0.0353703 0.189606 0.136558 -0.0782997 -0.0703068 0.168196 0.171201 0.0976711 0.218695 -0.00380072 -0.0132763 0.194379 0.198205 -0.159666 -0.25741 -0.118418 -0.0213858 0.348026 0.288237
3 0 12 6 -0.0671584 0.205045 0.288659 -0.0308726 -0.251297 -0.0905361 -0.276384 -0.00949852 0.256501 -0.0556352 -0.0567819 0.166382 0.00248723 -0.221261 0.0620667 0.0635268 0.191673 0.214287 0.336705 -0.184891 -0.173131 0.0257802 -0.106861 -0.156862 -0.26384 -0.0320547 -0.136332 0.092072 0.348345 0.12652 -0.130208 -0.0761608 -0.00142898
3 12 8 12 -0.027698 0.247425 0.271329 -0.220291 -0.209933 -0.132224 -0.0402398 -0.0543337 -0.143956 0.0348321 -0.0574326 0.114083 0.151921 -0.183505 -0.120854 0.139173 0.0658912 0.358425 0.358425 0.017235 -0.0303135 0.0342121 0.0399089 -0.339273 -0.358425 -0.0239268 -0.134695 0.122085 -0.0338546 0.0915628 0.0203759 -0.144838 0.191798
12 6 12 6 -0.313517 0.325995 0.190359 -0.159776 -0.171513 -0.0399425 0.181812 0.0799726 -0.00276524 -0.0321266 0.115497 0.134979 0.237113 0.323366 -0.059569 -0.124404 0.0471572 -0.0876527 -0.151703 0.281262 -0.0925733 0.276724 0.139808 0.123879 0.169973 0.261345 0.27067 -0.0365507 0.0851694 -0.097277 -0.0609789 -0.0890113 -0.0931582

9 0.497766
0 3 14 14 -0.289056 0.2236 0.299974 -0.108338 -0.0905508 -0.0864484 -0.237944 0.0388065 0.0887529 -0.18425 -0.047438 0.00232549 -0.00587212 0.101862 0.243182 0.167625 0.215048 0.171602 0.31421 0.0135095 -0.140087 0.227134 0.229851 -0.269481 -0.16995 -0.01392 -0.0505351 -0.0288385 -0.106813 -0.0415049 0.0827887 0.312042 0.13497
9 6 14 14 -0.22946 0.328714 0.316755 0.116641 0.0429137 0.0227921 -0.0845054 -0.151342 -0.0939986 -0.00236676 0.120837 0.0141386 0.122785 0.07042 -0.100604 0.0265695 0.162286 0.0397226 -0.0524851 0.176843 0.227497 0.124905 0.0356765 -0.111991 -0.103692 0.352072 0.348158 -0.0844207 -0.186175 -0.245356 -0.268234 0.169601 0.162736
6 3 20 10 -0.12825 0.00611614 -0.0726982 0.340721 0.229702 -0.12516 -0.0997373 -0.0507695 0.075692 -0.0295676 0.0317946 -0.119668 -0.296728 0.119126 0.109908 0.119036 0.0571564 0.356175 0.356175 -0.0106352 -0.0795086 -0.00565002 -0.0115835 -0.242206 -0.284769 -0.280082 -0.123689 0.0963236 -0.059716 0.121133 0.0943434 0.234511 0.178304
18 0 12 6 0.0134417 -0.216588 -0.00123725 -0.00176518 0.00803982 0.294161 0.0350015 0.086079 -0.165342 0.127734 0.309093 -0.138024 -0.349819 0.17887 -0.145434 -0.132979 -0.111612 -0.151129 0.0152362 -0.0820331 0.293039 -0.0461929 -0.125653 0.0360717 0.100453 0.217945 0.288499 -0.268457 -0.209432 -0.235406 -0.0752667 0.0751123 -0.159067
0 0 14 14 -0.266446 0.349508 0.254007 -0.122134 0.186972 -0.212372 -0.26611 0.142904 0.120726 -0.23411 -0.0528079 0.259296 0.176807 -0.0759517 0.1008 0.0335199 -0.0529992 0.231486 0.305335 -0.259223 -0.0618198 -0.0567623 0.103145 -0.194018 0.0296744 0.0259994 0.0921293 0.00701291 0.00479158 -0.00264642 0.0618103 0.187309 0.192734
12 6 12 6 -0.255917 0.344502 0.0914791 -0.346626 -0.0753747 -0.0782461 0.242822 0.161348 -0.0787677 -0.0527932 0.0065885 0.0851418 0.248839 0.221658 0.0347047 -0.0455515 0.0188309 -0.0676974 -0.172996 0.254962 -0.134081 0.302558 0.133273 0.0106875 0.164583 0.291569 0.282265 0.0292035 -0.0259 -0.0647257 -0.0283516 -0.104661 -0.116052
3 0 8 12 0.0827041 0.137568 -0.188961 -0.0958217 -0.371915 -0.125875 0.0857722 -0.00522893 0.371915 -0.371915 -0.113852 -0.186576 0.181223 -0.0842376 -0.022681 0.0698257 -0.203544 0.285276 -0.109083 0.0263706 0.140885 -0.168835 -0.0344728 -0.17127 -0.0146726 -0.144465 0.282026 -0.12194 0.0438537 -0.00191809 -0.0401488 0.141504 -0.182498
3 12 8 12 0.00724884 0.205749 0.159123 -0.200055 -0.232331 -0.285776 -0.0575191 0.0628255 -0.0243059 -0.103593 0.0419522 0.205218 0.0562769 -0.0226667 -0.165217 0.0552698 0.0792384 0.363669 0.21934 -0.174239 -0.063554 0.0100963 0.230613 -0.30635 -0.363669 -0.0671325 -0.139093 0.142395 -0.146353 0.18789 -0.0974411 -0.0953917 0.171329
9 18 6 12 0.115966 0.0723772 -0.0601519 -0.0936869 -0.0515396 0.101708 0.163798 -0.240446 -0.119976 0.154846 0.114225 -0.040487 -0.0596272 -0.362203 -0.362203 0.111779 0.214493 -0.170913 -0.283483 0.047563 0.0497435 0.0870501 0.188035 -0.102703 -0.0445259 0.155656 0.0754147 -0.108312 -0.0824014 -0.321837 -0.312153 0.178126 0.17886

9 0.499803
9 6 14 14 -0.354902 0.219001 0.101255 -0.0574466 -0.168488 0.183257 0.162246 0.207258 0.184298 0.0314102 0.0433281 -0.100026 -0.0216119 0.231497 0.0420722 0.190999 0.128337 -0.0791349 -0.0743648 0.170419 0.17883 0.0988423 0.223214 -0.00840639 -0.0150832 0.191815 0.193104 -0.157734 -0.255612 -0.117895 -0.0208258 0.343987 0.292586
0 3 18 12 -0.266673 0.249076 0.319451 -0.237827 -0.149586 -0.091967 -0.0662462 -0.0712361 0.147869 -0.132478 -0.049252 0.167898 0.275942 -0.0827502 0.101712 0.0397598 0.0759885 0.323431 0.274849 -0.0603148 -0.0658129 0.0644374 0.141543 -0.12893 -0.161075 0.295582 0.322943 0.111193 0.00827137 -0.0305699 -0.0465805 -0.0785578 -0.138107
18 0 12 6 0.0578621 -0.24628 0.0620154 -0.112084 -0.0109362 0.235047 0.0459025 0.176456 -0.21402 0.116449 0.269338 -0.224396 -0.258117 0.100924 -0.124479 -0.0992225 -0.129661 -0.120142 0.0458327 0.0532761 0.312256 -0.192722 -0.266152 -0.0120951 0.121983 0.217614 0.269854 -0.208734 -0.122151 -0.287413 -0.105367 -0.00429927 -0.0870551
6 0 24 6 -0.232416 -0.00631201 -0.0216095 0.361094 -0.0548344 -0.10978 -0.0132512 -0.131083 0.246323 0.125912 0.0343419 -0.145951 0.274534 -0.0682697 0.0311906 0.0856031 0.0700876 0.282743 -0.0399325 -0.0512754 -0.0216499 -0.147924 0.0339035 0.106151 0.0774672 0.0799334 0.182267 -0.165846 0.171974 0.229864 0.361094 -0.210759 -0.361094
12 6 12 6 -0.198565 0.350381 0.0577875 -0.350381 0.00264588 -0.135655 0.23911 0.0522053 -0.0834473 -0.158346 0.107137 0.0891077 0.281196 0.188198 0.0257981 0.044641 -0.130607 -0.0870382 -0.165406 0.297315 -0.138786 0.271507 0.0122468 0.00693091 0.239841 0.148036 0.316618 0.0822845 -0.00316756 -0.0751525 -0.138113 -0.0207935 -0.0973302
3 0 6 12 0.1123 0.212838 -0.0859773 -0.203523 -0.169038 -0.305177 0.0638663 -0.0133168 0.356542 -0.356542 -0.181944 -0.277549 0.212078 -0.0585076 0.072734 0.150414 -0.200461 0.0787605 0.27911 0.0311327 0.00138849 -0.063643 -0.310935 0.0319353 -0.105914 -0.175263 0.0983925 0.0895207 -0.0881114 0.0677555 -0.05044 -0.0945685 -0.0751292
12 15 8 12 0.145241 -0.0819921 -0.179732 0.216869 -0.0847279 0.129635 -0.0940404 -0.204796 0.0585313 0.0456023 0.272225 -0.138727 -0.350357 -0.109561 -0.327028 0.0666256 0.15087 0.196933 -0.259099 0.0641958 -0.0138428 -0.311192 -0.115953 0.00331032 0.243423 0.0310473 0.136845 -0.0311825 0.0334937 -0.234251 -0.267321 0.0920136 -0.061862
3 12 8 12 0.0180524 0.158721 0.250421 -0.251152 -0.248654 -0.180033 -0.0482461 0.0175056 -0.209131 -0.018914 0.0749495 0.149167 0.0924996 -0.0650987 -0.0856915 0.0230428 0.0354307 0.381289 0.188097 0.0522481 -0.135504 0.0121999 0.1171 -0.381289 -0.263693 -0.165639 -0.21505 0.142179 -0.158231 0.25618 -0.0606194 -0.0405376 0.159463
6 6 6 6 -0.118849 0.189327 -0.116583 0.111771 0.276611 0.0869429 0.00356936 -0.148831 0.0022898 0.0613535 0.165632 0.0816348 0.142171 -0.243094 -0.0388627 0.0787816 -0.0880849 -0.0731039 -0.0457735 -0.356112 0.32985 -0.137558 0.215412 0.0979227 -0.0895744 -0.0299567 0.152479 -0.3369 0.0418408 -0.204497 -0.0864534 0.356112 0.18192

