4
4 0.507581
0 8 20 30 -0.36582 0.176678 0.148481 0.0141387 0.256872 0.168832 -0.0847699 -0.0397696 0.214329 0.328365 0.26597 -0.0955688 0.00072101 0.19046 -0.020254 -0.0125609 0.0634724 0.21869 0.32203 -0.0872101 -0.173351 -0.134906 0.0645553 0.0101846 0.0207395 -0.00305509 0.142835 0.302476 0.212141 -0.00726337 0.225291 0.0525586 0.0367203
20 20 20 20 -0.0487121 -0.00103669 -0.0404274 0.0992478 0.0765221 0.0603276 0.0550561 0.0348498 0.00700779 0.1827 0.171079 -0.16643 -0.346361 -0.190154 -0.0569774 0.0124435 -0.103179 -0.133297 -0.163211 0.183371 0.257172 -0.0437748 -0.132261 0.114793 0.188367 0.31784 0.235014 -0.194063 -0.304776 -0.29643 -0.255818 0.216078 0.0537552
12 0 40 10 -0.269867 -0.087695 0.0383887 0.326558 -0.131149 -0.204899 0.357338 0.133757 -0.205761 0.109066 0.229318 -0.138634 -0.224605 -0.125034 0.00789596 0.105926 0.144409 -0.0426552 -0.136522 0.253214 0.199676 0.125204 0.102005 0.136545 -0.0095284 -0.170895 -0.208101 0.203776 0.137863 0.144088 0.151603 -0.0505913 -0.152326
0 16 24 12 0.021301 0.145355 0.199399 -0.204965 -0.319596 -0.0504146 0.0328114 -0.071971 -0.100304 0.0514166 0.0224175 0.175218 -0.0288594 -0.248082 -0.105289 0.14034 -0.00791149 0.284954 0.269202 -0.205069 -0.348547 0.0135721 0.155736 -0.14911 -0.323984 0.173578 0.17397 -0.0464202 -0.0287897 0.16611 0.122119 -0.186969 -0.169911

4 0.499757
16 4 12 18 -0.348089 0.234909 0.258861 -0.152833 -0.123809 0.0540289 0.0493902 0.0365043 0.0450092 0.0110378 -0.0735067 0.298137 0.305875 0.0825147 0.0426952 0.143954 0.15075 0.272238 0.157628 -0.239691 -0.0891052 0.202326 -0.0360315 -0.0457967 -0.000797702 -0.0543271 -0.097216 -0.0125295 0.305708 0.234094 -0.10677 -0.259116 0.105601
8 0 12 18 -0.319886 -0.348612 -0.165526 0.279039 0.208092 0.047315 0.197521 -0.0990783 0.011412 -0.105333 -0.199197 0.0459767 -0.11819 -0.175454 -0.0320151 0.00977361 -0.17316 -0.0400477 0.0207662 0.286366 0.286069 0.0886272 0.0897695 0.104797 0.172212 0.270004 0.268406 -0.130899 0.0295559 0.0856927 0.0314523 0.0733965 0.196229
16 28 12 24 -0.137332 -0.352546 -0.340112 0.272568 0.294248 0.122247 0.0680144 0.158514 0.19235 0.174938 0.11655 -0.172214 -0.186669 -0.129908 -0.155651 0.0899625 0.0877358 -0.141965 -0.236249 0.0251365 0.0998427 0.0541304 -0.12479 0.0756399 0.0981002 0.164314 0.0263505 -0.0345765 -0.0972989 -0.181029 -0.234805 0.259666 0.0930741
0 4 20 40 -0.352993 0.12837 0.236518 0.124085 0.146963 0.0424601 0.119354 -0.0132357 0.158065 0.35214 0.157868 0.110618 0.177012 0.28267 -0.00825299 0.161373 0.111572 -0.166132 -0.114702 0.194894 0.184472 -0.145418 -0.0493725 0.0949421 0.143275 -0.0202957 0.129426 -0.0880859 -0.100934 0.150475 0.277256 -0.264276 -0.182147

4 0.4874
16 4 30 20 -0.316827 0.266989 0.230477 -0.212491 -0.348054 -0.0132907 0.0961315 0.156852 -0.0285198 -0.272521 -0.0968319 0.171606 0.295666 0.101347 0.118381 -0.0226984 0.276848 -0.114588 -0.141359 0.226107 0.193926 0.0845614 0.11279 0.145626 0.10977 0.176178 0.126774 -0.104506 -0.148954 0.00564359 0.00520969 0.0311423 -0.076935
0 8 30 20 -0.350444 0.0691291 0.10173 0.0322209 0.0911819 0.100651 0.0833672 -0.0867973 0.0031157 0.000107505 0.107261 0.180647 0.364955 0.02535 -0.164069 -0.00523958 0.361999 0.134965 0.175408 0.00391735 -0.180653 0.113307 0.364955 -0.17586 -0.299617 0.0439817 0.0305541 0.0197198 0.255176 0.18473 -0.0692519 -0.153007 0.0454725
28 0 24 12 -0.0618119 -0.105363 -0.0242995 0.345575 -0.016038 -0.129729 0.112788 0.241432 -0.127986 0.305029 0.283999 -0.346681 -0.179565 0.0474223 -0.0840805 -0.210112 -0.09888 0.0493033 0.0419087 0.0766005 -0.126384 0.0860588 0.204608 -0.0313919 -0.190833 0.250704 0.148666 -0.225074 -0.272402 -0.0349623 -0.0752665 0.178596 8.67463e-005
12 4 24 6 -0.202812 0.0676318 0.209548 0.134879 -0.0314718 0.0999596 0.231535 -0.270916 -0.107499 0.040842 0.199307 -0.360477 0.00711699 -0.110027 -0.314944 -0.237366 0.15198 0.284151 0.251152 0.018544 -0.208945 -0.0830454 0.128068 0.356744 0.0938172 0.00334458 -0.064976 0.0547428 0.0849594 0.0288852 -0.0234136 0.0810285 -0.0149493

14 0.500316
4 4 30 20 -0.283193 -0.0802862 -0.250738 0.141607 0.326564 0.232013 -0.126288 0.0699234 0.120459 0.274091 0.196919 -0.215259 -0.326896 0.0227648 0.0761856 0.139963 -0.0472235 0.10338 0.189959 -0.171815 -0.19358 -0.0875811 0.0277934 -0.0496487 0.00243234 -0.138545 -0.0809454 0.260959 0.232514 0.0710482 0.16532 0.101797 0.118903
24 0 40 10 -0.363868 -0.143765 -0.116442 0.363868 0.25456 -0.0673073 0.0592782 0.203545 -0.039103 0.100873 0.0457851 0.123892 0.25064 0.185293 0.00583504 -0.0784678 0.107815 0.092493 0.13299 0.275105 0.0283259 -0.0773484 0.198348 0.0299028 -0.218583 0.177333 0.101581 0.124317 0.102816 -0.179133 -0.22096 0.249202 0.155328
0 28 12 24 -0.163276 0.217869 0.244438 -0.27522 -0.180563 0.221597 0.135358 -0.160848 -0.0418603 -0.229033 -0.0460798 0.194475 0.116861 -0.0906659 0.0881547 0.0294027 0.10198 0.099358 0.226428 -0.0735915 -0.19683 0.101294 0.347493 -0.324575 -0.268679 -0.0855027 0.011754 0.0104305 0.0940966 0.193479 0.17326 -0.146436 0.0170784
8 8 12 18 -0.289846 0.263157 0.202854 -0.0448898 0.16137 0.0472564 -0.0894679 -0.0838452 0.0954863 0.292509 0.356131 -0.287968 -0.0342543 0.124709 -0.0558452 -0.252633 -0.0427253 0.097644 -0.0112835 -0.0357141 0.100909 0.0261727 -0.250353 0.0883424 0.1369 0.261123 0.0290183 -0.00505218 -0.204094 0.137292 0.127743 0.287588 -0.142355
0 0 6 24 -0.00565735 0.18593 0.222626 -0.245391 -0.190061 -0.202521 -0.30819 -0.042465 0.350161 -0.274319 -0.174682 0.250757 0.193993 -0.0381444 0.191875 -0.000477743 0.171647 -0.283803 -0.210946 0.103668 0.02137 -0.0497236 0.0328603 -0.160336 -0.162586 0.0418961 -0.0661363 0.172238 -0.0735382 -0.179378 -0.0852508 -0.00665616 -0.0482215
20 16 20 20 -0.284844 0.178614 0.0411087 0.162726 0.0618031 0.156992 0.14199 0.0293903 -0.142758 0.160373 0.147303 -0.157349 -0.311984 -0.120407 -0.0479328 0.12315 0.0562549 -0.117525 0.0536367 0.212201 0.119365 0.014402 0.203616 0.020417 0.151992 0.308975 0.273651 -0.261037 -0.327936 -0.137343 -0.108969 0.193059 0.138523
16 0 6 24 -0.106532 -0.00555294 0.235273 0.16465 0.0750067 0.0685695 0.0449105 -0.133099 0.180019 -0.0324961 -0.288231 0.173839 0.134665 -0.111013 -0.316523 0.0911982 -0.0382684 -0.13445 -0.112642 0.270796 0.037823 0.0288985 0.000128858 0.137454 0.0437631 0.21202 0.289603 -0.28818 -0.177188 0.339117 -0.032682 -0.29085 -0.0889339
8 12 12 24 -0.374526 -0.0309376 -0.010988 -0.0976858 0.0683854 0.0734534 -0.0467808 0.0117737 0.360798 -0.0881081 0.0545318 -0.0944964 0.0958046 0.284182 0.0757815 -0.100748 0.168067 0.220219 0.264665 0.172212 0.138963 -0.0663118 0.000262736 0.187548 0.218252 0.222242 0.285683 0.182843 -0.00859613 0.1221 0.315854 0.0420865 -0.0744855
0 24 12 24 -0.0253375 0.0104044 -0.0516946 -0.109403 -0.247603 0.0267159 -0.0892384 -0.00291588 -0.216948 -0.381599 -0.381599 0.171142 0.280374 0.000144823 -0.21405 -0.0643181 0.0147247 -0.0263837 -0.0621731 0.257334 0.103963 0.0513093 0.248754 0.086489 -0.217986 -0.0461877 0.00700426 0.131358 0.353106 0.142838 0.118469 -0.0757213 0.14435
0 4 24 12 -0.0492243 0.327773 0.258537 -0.194142 -0.0697241 0.127125 -0.00752337 -0.155559 -0.263042 0.00967293 -0.268166 0.305758 0.210129 0.0373745 0.0931136 0.0225535 -0.287433 0.0868405 0.273472 -0.113705 -0.347203 -0.10372 0.198582 -0.0516768 -0.0226411 0.0158367 0.0864071 0.0573475 -0.0202586 -0.214344 -0.10063 0.0688396 0.130177
12 0 12 24 -0.330542 0.0132981 -0.010114 0.116485 -0.0923301 -0.0409378 0.15541 0.0634035 -0.0766384 -0.141329 -0.266318 0.122813 0.0683523 0.221073 -0.00314269 0.200265 -0.091871 0.364625 0.209419 -0.266679 -0.0944931 0.22149 -0.0858073 0.0312141 -0.0450191 -0.0891554 0.0152895 0.342222 0.364625 -0.0324973 -0.0711227 0.0051577 0.181461
28 16 24 12 0.0863533 0.00795785 0.069085 0.0744851 0.112649 0.196675 0.118958 -0.24883 -0.118318 0.14176 -0.00764373 -0.0927691 -0.292583 -0.156718 -0.198171 0.135102 -0.062883 0.165931 0.126757 -0.182921 -0.204949 -0.246856 -0.227251 0.0886807 0.105413 0.162005 0.173022 0.0869391 -0.360326 -0.360326 -0.0215331 0.215709 -0.0926262
20 16 24 12 -0.35629 0.247413 0.170266 0.18373 0.0394914 0.157078 0.0977361 0.243661 0.198833 0.250389 -0.0487009 -0.0511795 -0.00301245 0.321329 0.0274651 -0.15733 -0.288951 -0.0351193 -0.0697545 0.119011 -0.0370383 -0.127301 0.0624208 0.216918 0.124485 0.068679 0.0986447 0.0612596 0.242532 0.272753 0.0382238 0.000457171 0.258501
8 16 12 18 -0.247119 0.366492 0.156 0.0641559 0.016172 0.126378 -0.0953045 0.366492 0.222708 0.139168 0.108042 -0.00837836 -0.366492 -0.0268494 0.0506479 0.230683 -0.0261587 -0.044139 0.182574 -0.045221 -0.0573031 -0.029662 0.115193 0.0430738 0.0606427 -0.366492 -0.101638 0.265144 0.197949 -0.0818014 -0.0848887 -0.0639864 0.0286871