1
4 0.499196
0 0 36 36 -0.0725476 -0.0830246 0.189122 -0.0550163 -0.153154 -0.36555 -0.100154 -0.0744546 0.102629 -0.049942 0.264318 0.103021 0.194073 -0.0532722 0.161805 -0.262188 0.15299 0.115989 0.258687 -0.158685 -0.0837636 0.0293354 0.166268 -0.36555 -0.180036 0.0230796 0.273555 0.0926537 0.0428957 -0.285487 0.0307516 -0.0186937 0.193207
12 4 28 28 -0.138273 -0.108501 0.169193 0.00337184 0.216315 -0.177431 -0.0894782 -0.0626672 0.356093 -0.149418 0.239669 0.0835751 0.063706 -0.0783259 0.340791 -0.325505 0.0483432 -0.211533 -0.0114943 0.0160838 -0.138161 -0.216902 0.161584 -0.270085 -0.208104 0.133368 0.0226533 0.0724557 0.202526 0.033482 -0.214998 0.110756 0.117526
0 16 18 12 0.0210957 0.184404 0.348139 -0.348139 -0.0918511 -0.091382 0.123368 -0.306714 0.126029 0.00368005 0.186342 -0.100067 -0.0656356 -0.179326 -0.056709 -0.245841 0.0447737 0.0461618 0.0162304 -0.186785 -0.18411 0.00491774 0.101958 -0.286002 -0.284172 0.176917 0.193334 -0.0266019 0.0232058 0.141956 0.232278 -0.164927 -0.0945111
16 16 16 24 -0.292151 -0.0193293 0.230315 -0.0565025 0.0420924 0.0523298 0.179997 -0.228503 0.104614 0.156598 0.355776 0.157479 -0.00183999 -0.115814 0.24804 0.0560839 0.188653 -0.137779 -0.102192 0.0725622 -0.1687 -0.277175 0.0384146 -0.0434086 -0.228795 0.0756991 0.0954105 0.127299 0.154497 -0.147257 -0.201014 0.332481 0.186347

2
4 0.499196
0 0 36 36 -0.0725476 -0.0830246 0.189122 -0.0550163 -0.153154 -0.36555 -0.100154 -0.0744546 0.102629 -0.049942 0.264318 0.103021 0.194073 -0.0532722 0.161805 -0.262188 0.15299 0.115989 0.258687 -0.158685 -0.0837636 0.0293354 0.166268 -0.36555 -0.180036 0.0230796 0.273555 0.0926537 0.0428957 -0.285487 0.0307516 -0.0186937 0.193207
12 4 28 28 -0.138273 -0.108501 0.169193 0.00337184 0.216315 -0.177431 -0.0894782 -0.0626672 0.356093 -0.149418 0.239669 0.0835751 0.063706 -0.0783259 0.340791 -0.325505 0.0483432 -0.211533 -0.0114943 0.0160838 -0.138161 -0.216902 0.161584 -0.270085 -0.208104 0.133368 0.0226533 0.0724557 0.202526 0.033482 -0.214998 0.110756 0.117526
0 16 18 12 0.0210957 0.184404 0.348139 -0.348139 -0.0918511 -0.091382 0.123368 -0.306714 0.126029 0.00368005 0.186342 -0.100067 -0.0656356 -0.179326 -0.056709 -0.245841 0.0447737 0.0461618 0.0162304 -0.186785 -0.18411 0.00491774 0.101958 -0.286002 -0.284172 0.176917 0.193334 -0.0266019 0.0232058 0.141956 0.232278 -0.164927 -0.0945111
16 16 16 24 -0.292151 -0.0193293 0.230315 -0.0565025 0.0420924 0.0523298 0.179997 -0.228503 0.104614 0.156598 0.355776 0.157479 -0.00183999 -0.115814 0.24804 0.0560839 0.188653 -0.137779 -0.102192 0.0725622 -0.1687 -0.277175 0.0384146 -0.0434086 -0.228795 0.0756991 0.0954105 0.127299 0.154497 -0.147257 -0.201014 0.332481 0.186347

4 0.489066
4 0 30 20 -0.284536 0.0867398 0.00449746 0.121618 0.028294 -0.186401 -0.189147 0.117342 0.121186 -0.0470686 0.0166879 -0.005399 0.29096 -0.014723 -0.170005 0.0157143 0.221673 0.329538 0.0943455 0.0922119 0.142188 0.356947 0.184426 0.00730312 -0.0917666 -0.109441 0.185677 -0.106541 -0.120337 -0.061675 0.302844 -0.356947 -0.09695
4 0 24 36 -0.318475 -0.00994019 -0.191435 0.117812 0.0949374 0.0671544 -0.106622 0.161822 0.0213082 -0.157441 0.106533 0.168124 0.0733146 0.140618 0.349729 -0.30824 -0.057961 -0.188091 0.00768864 -0.0661966 0.0883794 -0.155075 -0.069781 -0.294425 0.19003 0.278033 0.13255 0.286952 0.203504 0.136034 0.0643414 0.188326 -0.00294212
20 0 20 20 -0.17236 -0.14182 -0.319156 0.14254 0.240986 0.206877 -0.100196 0.0535992 0.0517023 0.0999 -0.0205442 -0.0500669 -0.12397 0.307433 0.210087 -0.10988 -0.269371 -0.0942465 0.00458151 0.196067 0.248125 -0.0470337 -0.135395 0.0470975 0.235769 0.117564 0.350935 0.0647037 -0.160257 -0.207787 0.175763 -0.142692 -0.0358345
12 12 24 16 -0.229623 0.0766828 0.179479 0.0353762 0.0886888 0.0517767 0.167045 -0.14986 0.114522 0.00936446 0.143536 -0.082973 0.171708 0.0694238 0.148839 -0.127426 -0.0229562 0.0754516 0.0985496 0.0042792 -0.11383 0.229226 0.366597 -0.306909 -0.366597 -0.267013 -0.0282491 0.135568 0.366597 0.00974135 -0.149954 0.174995 -0.00682359

3
4 0.499196
0 0 36 36 -0.0725476 -0.0830246 0.189122 -0.0550163 -0.153154 -0.36555 -0.100154 -0.0744546 0.102629 -0.049942 0.264318 0.103021 0.194073 -0.0532722 0.161805 -0.262188 0.15299 0.115989 0.258687 -0.158685 -0.0837636 0.0293354 0.166268 -0.36555 -0.180036 0.0230796 0.273555 0.0926537 0.0428957 -0.285487 0.0307516 -0.0186937 0.193207
12 4 28 28 -0.138273 -0.108501 0.169193 0.00337184 0.216315 -0.177431 -0.0894782 -0.0626672 0.356093 -0.149418 0.239669 0.0835751 0.063706 -0.0783259 0.340791 -0.325505 0.0483432 -0.211533 -0.0114943 0.0160838 -0.138161 -0.216902 0.161584 -0.270085 -0.208104 0.133368 0.0226533 0.0724557 0.202526 0.033482 -0.214998 0.110756 0.117526
0 16 18 12 0.0210957 0.184404 0.348139 -0.348139 -0.0918511 -0.091382 0.123368 -0.306714 0.126029 0.00368005 0.186342 -0.100067 -0.0656356 -0.179326 -0.056709 -0.245841 0.0447737 0.0461618 0.0162304 -0.186785 -0.18411 0.00491774 0.101958 -0.286002 -0.284172 0.176917 0.193334 -0.0266019 0.0232058 0.141956 0.232278 -0.164927 -0.0945111
16 16 16 24 -0.292151 -0.0193293 0.230315 -0.0565025 0.0420924 0.0523298 0.179997 -0.228503 0.104614 0.156598 0.355776 0.157479 -0.00183999 -0.115814 0.24804 0.0560839 0.188653 -0.137779 -0.102192 0.0725622 -0.1687 -0.277175 0.0384146 -0.0434086 -0.228795 0.0756991 0.0954105 0.127299 0.154497 -0.147257 -0.201014 0.332481 0.186347

4 0.489066
4 0 30 20 -0.284536 0.0867398 0.00449746 0.121618 0.028294 -0.186401 -0.189147 0.117342 0.121186 -0.0470686 0.0166879 -0.005399 0.29096 -0.014723 -0.170005 0.0157143 0.221673 0.329538 0.0943455 0.0922119 0.142188 0.356947 0.184426 0.00730312 -0.0917666 -0.109441 0.185677 -0.106541 -0.120337 -0.061675 0.302844 -0.356947 -0.09695
4 0 24 36 -0.318475 -0.00994019 -0.191435 0.117812 0.0949374 0.0671544 -0.106622 0.161822 0.0213082 -0.157441 0.106533 0.168124 0.0733146 0.140618 0.349729 -0.30824 -0.057961 -0.188091 0.00768864 -0.0661966 0.0883794 -0.155075 -0.069781 -0.294425 0.19003 0.278033 0.13255 0.286952 0.203504 0.136034 0.0643414 0.188326 -0.00294212
20 0 20 20 -0.17236 -0.14182 -0.319156 0.14254 0.240986 0.206877 -0.100196 0.0535992 0.0517023 0.0999 -0.0205442 -0.0500669 -0.12397 0.307433 0.210087 -0.10988 -0.269371 -0.0942465 0.00458151 0.196067 0.248125 -0.0470337 -0.135395 0.0470975 0.235769 0.117564 0.350935 0.0647037 -0.160257 -0.207787 0.175763 -0.142692 -0.0358345
12 12 24 16 -0.229623 0.0766828 0.179479 0.0353762 0.0886888 0.0517767 0.167045 -0.14986 0.114522 0.00936446 0.143536 -0.082973 0.171708 0.0694238 0.148839 -0.127426 -0.0229562 0.0754516 0.0985496 0.0042792 -0.11383 0.229226 0.366597 -0.306909 -0.366597 -0.267013 -0.0282491 0.135568 0.366597 0.00974135 -0.149954 0.174995 -0.00682359

4 0.493436
16 12 20 20 -0.337034 -0.0722205 0.0771764 0.00619537 -0.0282598 0.124389 0.306243 -0.199675 0.000361024 0.0367681 0.268407 0.0696131 0.0842649 0.0771656 0.239138 -0.137457 0.0779378 -0.1771 -0.0164932 -0.0756752 -0.29583 -0.259137 0.172861 -0.159932 -0.200049 0.0958937 0.0130928 0.194581 0.172012 -0.0580104 -0.0802242 0.32997 0.242719
0 0 12 12 -0.00307064 -0.0218712 -0.0595911 0.245321 -0.0568434 -0.144689 -0.139658 -0.0683324 0.332448 -0.264405 -0.37589 0.115978 0.144887 0.0224137 -0.37589 0.170695 0.130489 0.114434 -0.0414663 -0.18889 -0.221069 -0.0386799 0.0462973 0.166833 0.0975169 0.0795215 0.164031 -0.113965 0.17624 -0.259714 -0.19829 0.011549 0.0844073
0 4 36 24 -0.365051 0.205981 0.022317 0.00641292 0.0695617 0.289547 0.0759104 0.171675 -0.0263725 0.0582493 0.0912159 0.0308116 0.00104687 -0.0611883 0.0307419 0.18272 0.249353 0.0495262 0.0334322 -0.13843 0.0859989 0.365051 0.298734 -0.20209 0.00688757 -0.219507 0.0502031 0.299001 -0.0216092 -0.00508021 0.365051 0.0636981 0.0617615
28 0 12 12 0.29142 -0.0738192 -0.315506 -0.030443 0.0354923 0.194694 -0.0863415 -0.0771019 -0.149125 -0.355958 -0.223421 -0.0561612 -0.179071 -0.195004 -0.0984794 -0.307148 -0.306015 -0.125362 -0.0824421 -0.00196401 -0.0284203 -0.00558436 -0.024746 -0.137184 -0.0412676 -0.0154616 0.192371 -0.0791831 -0.28836 -0.0630427 0.230742 -0.149389 -0.160169

4
4 0.499196
0 0 36 36 -0.0725476 -0.0830246 0.189122 -0.0550163 -0.153154 -0.36555 -0.100154 -0.0744546 0.102629 -0.049942 0.264318 0.103021 0.194073 -0.0532722 0.161805 -0.262188 0.15299 0.115989 0.258687 -0.158685 -0.0837636 0.0293354 0.166268 -0.36555 -0.180036 0.0230796 0.273555 0.0926537 0.0428957 -0.285487 0.0307516 -0.0186937 0.193207
12 4 28 28 -0.138273 -0.108501 0.169193 0.00337184 0.216315 -0.177431 -0.0894782 -0.0626672 0.356093 -0.149418 0.239669 0.0835751 0.063706 -0.0783259 0.340791 -0.325505 0.0483432 -0.211533 -0.0114943 0.0160838 -0.138161 -0.216902 0.161584 -0.270085 -0.208104 0.133368 0.0226533 0.0724557 0.202526 0.033482 -0.214998 0.110756 0.117526
0 16 18 12 0.0210957 0.184404 0.348139 -0.348139 -0.0918511 -0.091382 0.123368 -0.306714 0.126029 0.00368005 0.186342 -0.100067 -0.0656356 -0.179326 -0.056709 -0.245841 0.0447737 0.0461618 0.0162304 -0.186785 -0.18411 0.00491774 0.101958 -0.286002 -0.284172 0.176917 0.193334 -0.0266019 0.0232058 0.141956 0.232278 -0.164927 -0.0945111
16 16 16 24 -0.292151 -0.0193293 0.230315 -0.0565025 0.0420924 0.0523298 0.179997 -0.228503 0.104614 0.156598 0.355776 0.157479 -0.00183999 -0.115814 0.24804 0.0560839 0.188653 -0.137779 -0.102192 0.0725622 -0.1687 -0.277175 0.0384146 -0.0434086 -0.228795 0.0756991 0.0954105 0.127299 0.154497 -0.147257 -0.201014 0.332481 0.186347

4 0.489066
4 0 30 20 -0.284536 0.0867398 0.00449746 0.121618 0.028294 -0.186401 -0.189147 0.117342 0.121186 -0.0470686 0.0166879 -0.005399 0.29096 -0.014723 -0.170005 0.0157143 0.221673 0.329538 0.0943455 0.0922119 0.142188 0.356947 0.184426 0.00730312 -0.0917666 -0.109441 0.185677 -0.106541 -0.120337 -0.061675 0.302844 -0.356947 -0.09695
4 0 24 36 -0.318475 -0.00994019 -0.191435 0.117812 0.0949374 0.0671544 -0.106622 0.161822 0.0213082 -0.157441 0.106533 0.168124 0.0733146 0.140618 0.349729 -0.30824 -0.057961 -0.188091 0.00768864 -0.0661966 0.0883794 -0.155075 -0.069781 -0.294425 0.19003 0.278033 0.13255 0.286952 0.203504 0.136034 0.0643414 0.188326 -0.00294212
20 0 20 20 -0.17236 -0.14182 -0.319156 0.14254 0.240986 0.206877 -0.100196 0.0535992 0.0517023 0.0999 -0.0205442 -0.0500669 -0.12397 0.307433 0.210087 -0.10988 -0.269371 -0.0942465 0.00458151 0.196067 0.248125 -0.0470337 -0.135395 0.0470975 0.235769 0.117564 0.350935 0.0647037 -0.160257 -0.207787 0.175763 -0.142692 -0.0358345
12 12 24 16 -0.229623 0.0766828 0.179479 0.0353762 0.0886888 0.0517767 0.167045 -0.14986 0.114522 0.00936446 0.143536 -0.082973 0.171708 0.0694238 0.148839 -0.127426 -0.0229562 0.0754516 0.0985496 0.0042792 -0.11383 0.229226 0.366597 -0.306909 -0.366597 -0.267013 -0.0282491 0.135568 0.366597 0.00974135 -0.149954 0.174995 -0.00682359

4 0.493436
16 12 20 20 -0.337034 -0.0722205 0.0771764 0.00619537 -0.0282598 0.124389 0.306243 -0.199675 0.000361024 0.0367681 0.268407 0.0696131 0.0842649 0.0771656 0.239138 -0.137457 0.0779378 -0.1771 -0.0164932 -0.0756752 -0.29583 -0.259137 0.172861 -0.159932 -0.200049 0.0958937 0.0130928 0.194581 0.172012 -0.0580104 -0.0802242 0.32997 0.242719
0 0 12 12 -0.00307064 -0.0218712 -0.0595911 0.245321 -0.0568434 -0.144689 -0.139658 -0.0683324 0.332448 -0.264405 -0.37589 0.115978 0.144887 0.0224137 -0.37589 0.170695 0.130489 0.114434 -0.0414663 -0.18889 -0.221069 -0.0386799 0.0462973 0.166833 0.0975169 0.0795215 0.164031 -0.113965 0.17624 -0.259714 -0.19829 0.011549 0.0844073
0 4 36 24 -0.365051 0.205981 0.022317 0.00641292 0.0695617 0.289547 0.0759104 0.171675 -0.0263725 0.0582493 0.0912159 0.0308116 0.00104687 -0.0611883 0.0307419 0.18272 0.249353 0.0495262 0.0334322 -0.13843 0.0859989 0.365051 0.298734 -0.20209 0.00688757 -0.219507 0.0502031 0.299001 -0.0216092 -0.00508021 0.365051 0.0636981 0.0617615
28 0 12 12 0.29142 -0.0738192 -0.315506 -0.030443 0.0354923 0.194694 -0.0863415 -0.0771019 -0.149125 -0.355958 -0.223421 -0.0561612 -0.179071 -0.195004 -0.0984794 -0.307148 -0.306015 -0.125362 -0.0824421 -0.00196401 -0.0284203 -0.00558436 -0.024746 -0.137184 -0.0412676 -0.0154616 0.192371 -0.0791831 -0.28836 -0.0630427 0.230742 -0.149389 -0.160169

17 0.495275
16 8 24 16 -0.353864 -0.0474451 0.0868194 0.0423269 0.0668086 0.0288529 0.140334 -0.0856311 0.120455 0.0370659 0.0838186 0.188074 0.21264 0.119928 0.150003 0.0676056 0.145105 -0.267304 0.0551852 -0.0673851 -0.298783 -0.353864 0.224064 -0.303922 -0.198433 0.0791099 0.122515 0.0956197 0.208996 0.0256666 -0.0215418 0.238602 0.216607
0 0 12 12 -0.0714637 0.0687873 0.00688816 0.273774 -0.0316558 -0.0817676 -0.178724 -0.0633329 0.367345 -0.278158 -0.367345 0.246333 0.0944701 -0.0301235 -0.205012 0.115149 0.0544096 0.17513 -0.0667834 -0.14543 -0.215488 -0.0988798 -0.151138 0.180846 0.208308 0.105936 0.180552 -0.0204364 0.190727 -0.286125 -0.0906383 0.0382712 0.027791
0 12 10 40 -0.342903 0.128779 0.109326 0.164077 -0.135652 0.0312311 0.268438 0.0616657 -0.11117 0.13753 0.0283449 -0.035758 0.166542 0.32996 0.0252785 -0.0717739 0.131112 0.0415648 -0.047297 -0.240239 0.0397304 0.172656 -0.178721 -0.0988034 -0.00147042 0.303738 0.242709 -0.119001 -0.206161 0.196196 0.300108 0.233399 0.0569171
4 0 28 28 -0.288066 -0.0461328 0.102094 0.166018 -0.125873 -0.226642 0.178913 0.1591 0.137422 -0.346631 -0.123532 0.166489 0.271089 -0.0728755 0.0345314 -0.034455 0.210162 0.116892 0.0343845 -0.0871888 0.204719 0.333614 -0.00106833 -0.242141 -0.00778771 -0.100743 0.0319739 0.207797 0.199277 0.136258 0.291612 -0.0288582 -0.0473814
0 28 12 18 0.0517228 0.0292082 0.0463259 -0.329462 -0.25075 0.112926 0.00574173 -0.307556 -0.165764 -0.166187 0.183227 0.127179 -0.106815 -0.263617 0.294017 -0.153897 -0.142859 0.0301752 0.0756057 -0.286145 -0.0883131 0.127411 0.1179 -0.223568 0.0468886 0.12524 -0.260041 0.060871 0.0258652 0.204197 0.0359003 0.137727 -0.247158
0 8 16 32 -0.356714 0.249932 0.221097 -0.0168555 -0.0827202 0.0765557 0.0904202 0.0842132 0.0965779 0.121169 0.111687 0.243006 -0.0923479 -0.233642 -0.0295169 0.356714 0.217015 0.306135 0.150203 -0.181879 0.0576849 0.189963 0.00113457 -0.105558 0.0540479 0.123675 0.112196 0.0449111 0.136165 0.264718 0.202068 0.152212 -0.058597
32 16 24 6 -0.0633069 0.0639196 0.200112 0.0429214 0.129188 -0.167505 -0.0969188 -0.0956758 0.303819 0.00691869 -0.17093 0.000108239 -0.037736 -0.13716 -0.201883 0.282829 0.0747497 -0.0550658 0.151107 -0.214789 -0.206091 -0.130518 -0.0300473 0.179314 0.335138 -0.103919 -0.258331 -0.109827 -0.326236 -0.0881816 -0.0305627 0.335682 -0.119909
16 16 24 6 -0.139817 -0.119047 0.0241857 0.26542 0.0632267 0.10139 0.359776 -0.0837487 -0.349224 -0.0939299 0.0552194 -0.0832353 0.154985 -0.0925784 -0.0992851 -0.0447156 0.263745 -0.141186 -0.141546 0.0374868 -0.0429515 0.0554098 0.196247 -0.133214 -0.121822 -0.257366 -0.16401 0.145791 0.232252 0.318929 -0.041972 0.238895 -0.181111
24 8 32 16 -0.093295 -0.188798 0.167975 -0.0648727 0.120263 -0.0624126 -0.08289 -0.0883085 0.376644 0.0601179 0.124794 0.113311 0.0922177 -0.0816763 0.0182371 0.142913 0.108324 -0.0393757 -0.376644 -0.0564407 0.108069 0.0139163 -0.376644 0.122485 -0.147937 -0.0281802 -0.174382 -0.108585 0.20027 0.183327 -0.281952 0.182739 0.300207
16 0 12 24 0.147723 -0.111049 -0.298664 -0.0505537 0.163766 0.207489 -0.20621 -0.0422582 0.0274678 -0.177597 -0.0619923 -0.0733915 -0.267081 0.00792977 0.105377 -0.159464 -0.25401 -0.107122 0.295754 -0.0290895 -0.128547 -0.258649 0.0984772 -0.1017 0.278177 -0.0616058 -0.0417003 -0.246934 -0.106334 -0.0748405 0.202697 -0.350319 -0.0891358
20 16 12 18 -0.357274 0.0227091 0.153656 -0.136741 -0.000167561 0.165184 0.160456 -0.0678543 0.111486 0.261272 0.0164766 0.0476693 0.150987 0.284565 0.0464967 -0.020055 -0.166326 -0.0277124 0.0859456 -0.0421532 -0.276823 -0.238613 0.150634 0.0643184 -0.0663986 -0.198721 0.180931 0.0674542 0.357274 0.0877289 0.172121 0.0018276 0.357274
0 20 16 32 -0.352674 -0.0827081 0.352674 -0.0433689 0.0353737 -0.168412 0.187774 -0.327573 0.231588 0.0115062 0.186571 -0.13947 -0.0935848 -0.126614 0.216786 0.101625 0.153038 0.254189 -0.0555575 -0.04574 -0.0244574 0.236537 -0.0388794 0.106648 -0.130331 0.146076 -0.0139851 0.185298 0.137879 0.220196 0.124055 0.22362 -0.0393901
16 32 6 24 0.35314 -0.0464704 0.0893055 -0.247692 -0.0812909 -0.047754 -0.120777 -0.200108 -0.121428 -0.207914 0.0714004 -0.108832 0.125561 0.0826822 -0.117051 -0.188759 -0.2725 -0.302853 -0.267466 0.0828773 -0.102894 -0.212356 -0.0180781 -0.0818038 -0.254142 -0.243509 -0.125522 -0.227293 -0.0102899 0.145388 -0.110514 -0.224181 -0.0324017
4 16 24 12 -0.379228 0.352048 0.0408043 0.211532 0.200575 0.166024 -0.0653108 0.0844944 -0.118351 0.109225 0.192172 -0.00740761 0.00782143 -0.0589999 0.0296564 -0.0170904 0.0382666 -0.144619 0.215364 0.383794 0.0998345 0.0113121 0.383794 0.191966 0.207462 -0.157197 -0.00104269 0.0730233 0.0131798 -0.193502 0.0654467 -0.0324624 -0.022589
4 4 20 20 -0.00952226 0.166281 -0.255877 0.291615 0.136577 -0.236633 -0.281776 -0.0382542 0.093129 0.0210011 -0.210995 0.0159018 -0.186956 -0.271671 -0.254136 0.236161 -0.0293809 0.133213 0.179019 -0.107476 0.012715 0.205725 0.0731291 -0.23793 0.0102894 0.0220334 0.177063 0.0105557 0.122621 0.0971965 0.286539 -0.116336 -0.233465
28 0 40 10 -0.364762 0.101978 -0.06993 0.0671754 0.0918052 0.364762 0.364762 0.0172487 -0.111021 0.0766637 0.362573 0.192178 -0.0101386 -0.0484997 0.294147 0.0881197 0.146921 0.0210519 0.0623327 -0.0187385 0.0635893 -0.0176265 -0.0259005 0.107812 0.347421 -0.0311182 -0.164317 0.000799173 0.0567065 0.108528 -0.0883164 0.248268 0.04461
0 12 28 28 -0.0244824 -0.00925438 0.328235 -0.233721 0.0311089 -0.1085 0.0735091 -0.347921 0.241166 -0.0501863 0.0375596 -0.0911481 -0.100567 -0.0476686 0.0956279 -0.0600379 -0.10362 0.0523606 -0.216847 -0.347921 0.00118363 0.294078 -0.218355 -0.210129 -0.113155 -0.00244335 -0.0259335 0.278354 -0.0614987 0.0485639 0.281325 0.190383 -0.140988

5
4 0.499196
0 0 36 36 -0.0725476 -0.0830246 0.189122 -0.0550163 -0.153154 -0.36555 -0.100154 -0.0744546 0.102629 -0.049942 0.264318 0.103021 0.194073 -0.0532722 0.161805 -0.262188 0.15299 0.115989 0.258687 -0.158685 -0.0837636 0.0293354 0.166268 -0.36555 -0.180036 0.0230796 0.273555 0.0926537 0.0428957 -0.285487 0.0307516 -0.0186937 0.193207
12 4 28 28 -0.138273 -0.108501 0.169193 0.00337184 0.216315 -0.177431 -0.0894782 -0.0626672 0.356093 -0.149418 0.239669 0.0835751 0.063706 -0.0783259 0.340791 -0.325505 0.0483432 -0.211533 -0.0114943 0.0160838 -0.138161 -0.216902 0.161584 -0.270085 -0.208104 0.133368 0.0226533 0.0724557 0.202526 0.033482 -0.214998 0.110756 0.117526
0 16 18 12 0.0210957 0.184404 0.348139 -0.348139 -0.0918511 -0.091382 0.123368 -0.306714 0.126029 0.00368005 0.186342 -0.100067 -0.0656356 -0.179326 -0.056709 -0.245841 0.0447737 0.0461618 0.0162304 -0.186785 -0.18411 0.00491774 0.101958 -0.286002 -0.284172 0.176917 0.193334 -0.0266019 0.0232058 0.141956 0.232278 -0.164927 -0.0945111
16 16 16 24 -0.292151 -0.0193293 0.230315 -0.0565025 0.0420924 0.0523298 0.179997 -0.228503 0.104614 0.156598 0.355776 0.157479 -0.00183999 -0.115814 0.24804 0.0560839 0.188653 -0.137779 -0.102192 0.0725622 -0.1687 -0.277175 0.0384146 -0.0434086 -0.228795 0.0756991 0.0954105 0.127299 0.154497 -0.147257 -0.201014 0.332481 0.186347

4 0.489066
4 0 30 20 -0.284536 0.0867398 0.00449746 0.121618 0.028294 -0.186401 -0.189147 0.117342 0.121186 -0.0470686 0.0166879 -0.005399 0.29096 -0.014723 -0.170005 0.0157143 0.221673 0.329538 0.0943455 0.0922119 0.142188 0.356947 0.184426 0.00730312 -0.0917666 -0.109441 0.185677 -0.106541 -0.120337 -0.061675 0.302844 -0.356947 -0.09695
4 0 24 36 -0.318475 -0.00994019 -0.191435 0.117812 0.0949374 0.0671544 -0.106622 0.161822 0.0213082 -0.157441 0.106533 0.168124 0.0733146 0.140618 0.349729 -0.30824 -0.057961 -0.188091 0.00768864 -0.0661966 0.0883794 -0.155075 -0.069781 -0.294425 0.19003 0.278033 0.13255 0.286952 0.203504 0.136034 0.0643414 0.188326 -0.00294212
20 0 20 20 -0.17236 -0.14182 -0.319156 0.14254 0.240986 0.206877 -0.100196 0.0535992 0.0517023 0.0999 -0.0205442 -0.0500669 -0.12397 0.307433 0.210087 -0.10988 -0.269371 -0.0942465 0.00458151 0.196067 0.248125 -0.0470337 -0.135395 0.0470975 0.235769 0.117564 0.350935 0.0647037 -0.160257 -0.207787 0.175763 -0.142692 -0.0358345
12 12 24 16 -0.229623 0.0766828 0.179479 0.0353762 0.0886888 0.0517767 0.167045 -0.14986 0.114522 0.00936446 0.143536 -0.082973 0.171708 0.0694238 0.148839 -0.127426 -0.0229562 0.0754516 0.0985496 0.0042792 -0.11383 0.229226 0.366597 -0.306909 -0.366597 -0.267013 -0.0282491 0.135568 0.366597 0.00974135 -0.149954 0.174995 -0.00682359

4 0.493436
16 12 20 20 -0.337034 -0.0722205 0.0771764 0.00619537 -0.0282598 0.124389 0.306243 -0.199675 0.000361024 0.0367681 0.268407 0.0696131 0.0842649 0.0771656 0.239138 -0.137457 0.0779378 -0.1771 -0.0164932 -0.0756752 -0.29583 -0.259137 0.172861 -0.159932 -0.200049 0.0958937 0.0130928 0.194581 0.172012 -0.0580104 -0.0802242 0.32997 0.242719
0 0 12 12 -0.00307064 -0.0218712 -0.0595911 0.245321 -0.0568434 -0.144689 -0.139658 -0.0683324 0.332448 -0.264405 -0.37589 0.115978 0.144887 0.0224137 -0.37589 0.170695 0.130489 0.114434 -0.0414663 -0.18889 -0.221069 -0.0386799 0.0462973 0.166833 0.0975169 0.0795215 0.164031 -0.113965 0.17624 -0.259714 -0.19829 0.011549 0.0844073
0 4 36 24 -0.365051 0.205981 0.022317 0.00641292 0.0695617 0.289547 0.0759104 0.171675 -0.0263725 0.0582493 0.0912159 0.0308116 0.00104687 -0.0611883 0.0307419 0.18272 0.249353 0.0495262 0.0334322 -0.13843 0.0859989 0.365051 0.298734 -0.20209 0.00688757 -0.219507 0.0502031 0.299001 -0.0216092 -0.00508021 0.365051 0.0636981 0.0617615
28 0 12 12 0.29142 -0.0738192 -0.315506 -0.030443 0.0354923 0.194694 -0.0863415 -0.0771019 -0.149125 -0.355958 -0.223421 -0.0561612 -0.179071 -0.195004 -0.0984794 -0.307148 -0.306015 -0.125362 -0.0824421 -0.00196401 -0.0284203 -0.00558436 -0.024746 -0.137184 -0.0412676 -0.0154616 0.192371 -0.0791831 -0.28836 -0.0630427 0.230742 -0.149389 -0.160169

17 0.495275
16 8 24 16 -0.353864 -0.0474451 0.0868194 0.0423269 0.0668086 0.0288529 0.140334 -0.0856311 0.120455 0.0370659 0.0838186 0.188074 0.21264 0.119928 0.150003 0.0676056 0.145105 -0.267304 0.0551852 -0.0673851 -0.298783 -0.353864 0.224064 -0.303922 -0.198433 0.0791099 0.122515 0.0956197 0.208996 0.0256666 -0.0215418 0.238602 0.216607
0 0 12 12 -0.0714637 0.0687873 0.00688816 0.273774 -0.0316558 -0.0817676 -0.178724 -0.0633329 0.367345 -0.278158 -0.367345 0.246333 0.0944701 -0.0301235 -0.205012 0.115149 0.0544096 0.17513 -0.0667834 -0.14543 -0.215488 -0.0988798 -0.151138 0.180846 0.208308 0.105936 0.180552 -0.0204364 0.190727 -0.286125 -0.0906383 0.0382712 0.027791
0 12 10 40 -0.342903 0.128779 0.109326 0.164077 -0.135652 0.0312311 0.268438 0.0616657 -0.11117 0.13753 0.0283449 -0.035758 0.166542 0.32996 0.0252785 -0.0717739 0.131112 0.0415648 -0.047297 -0.240239 0.0397304 0.172656 -0.178721 -0.0988034 -0.00147042 0.303738 0.242709 -0.119001 -0.206161 0.196196 0.300108 0.233399 0.0569171
4 0 28 28 -0.288066 -0.0461328 0.102094 0.166018 -0.125873 -0.226642 0.178913 0.1591 0.137422 -0.346631 -0.123532 0.166489 0.271089 -0.0728755 0.0345314 -0.034455 0.210162 0.116892 0.0343845 -0.0871888 0.204719 0.333614 -0.00106833 -0.242141 -0.00778771 -0.100743 0.0319739 0.207797 0.199277 0.136258 0.291612 -0.0288582 -0.0473814
0 28 12 18 0.0517228 0.0292082 0.0463259 -0.329462 -0.25075 0.112926 0.00574173 -0.307556 -0.165764 -0.166187 0.183227 0.127179 -0.106815 -0.263617 0.294017 -0.153897 -0.142859 0.0301752 0.0756057 -0.286145 -0.0883131 0.127411 0.1179 -0.223568 0.0468886 0.12524 -0.260041 0.060871 0.0258652 0.204197 0.0359003 0.137727 -0.247158
0 8 16 32 -0.356714 0.249932 0.221097 -0.0168555 -0.0827202 0.0765557 0.0904202 0.0842132 0.0965779 0.121169 0.111687 0.243006 -0.0923479 -0.233642 -0.0295169 0.356714 0.217015 0.306135 0.150203 -0.181879 0.0576849 0.189963 0.00113457 -0.105558 0.0540479 0.123675 0.112196 0.0449111 0.136165 0.264718 0.202068 0.152212 -0.058597
32 16 24 6 -0.0633069 0.0639196 0.200112 0.0429214 0.129188 -0.167505 -0.0969188 -0.0956758 0.303819 0.00691869 -0.17093 0.000108239 -0.037736 -0.13716 -0.201883 0.282829 0.0747497 -0.0550658 0.151107 -0.214789 -0.206091 -0.130518 -0.0300473 0.179314 0.335138 -0.103919 -0.258331 -0.109827 -0.326236 -0.0881816 -0.0305627 0.335682 -0.119909
16 16 24 6 -0.139817 -0.119047 0.0241857 0.26542 0.0632267 0.10139 0.359776 -0.0837487 -0.349224 -0.0939299 0.0552194 -0.0832353 0.154985 -0.0925784 -0.0992851 -0.0447156 0.263745 -0.141186 -0.141546 0.0374868 -0.0429515 0.0554098 0.196247 -0.133214 -0.121822 -0.257366 -0.16401 0.145791 0.232252 0.318929 -0.041972 0.238895 -0.181111
24 8 32 16 -0.093295 -0.188798 0.167975 -0.0648727 0.120263 -0.0624126 -0.08289 -0.0883085 0.376644 0.0601179 0.124794 0.113311 0.0922177 -0.0816763 0.0182371 0.142913 0.108324 -0.0393757 -0.376644 -0.0564407 0.108069 0.0139163 -0.376644 0.122485 -0.147937 -0.0281802 -0.174382 -0.108585 0.20027 0.183327 -0.281952 0.182739 0.300207
16 0 12 24 0.147723 -0.111049 -0.298664 -0.0505537 0.163766 0.207489 -0.20621 -0.0422582 0.0274678 -0.177597 -0.0619923 -0.0733915 -0.267081 0.00792977 0.105377 -0.159464 -0.25401 -0.107122 0.295754 -0.0290895 -0.128547 -0.258649 0.0984772 -0.1017 0.278177 -0.0616058 -0.0417003 -0.246934 -0.106334 -0.0748405 0.202697 -0.350319 -0.0891358
20 16 12 18 -0.357274 0.0227091 0.153656 -0.136741 -0.000167561 0.165184 0.160456 -0.0678543 0.111486 0.261272 0.0164766 0.0476693 0.150987 0.284565 0.0464967 -0.020055 -0.166326 -0.0277124 0.0859456 -0.0421532 -0.276823 -0.238613 0.150634 0.0643184 -0.0663986 -0.198721 0.180931 0.0674542 0.357274 0.0877289 0.172121 0.0018276 0.357274
0 20 16 32 -0.352674 -0.0827081 0.352674 -0.0433689 0.0353737 -0.168412 0.187774 -0.327573 0.231588 0.0115062 0.186571 -0.13947 -0.0935848 -0.126614 0.216786 0.101625 0.153038 0.254189 -0.0555575 -0.04574 -0.0244574 0.236537 -0.0388794 0.106648 -0.130331 0.146076 -0.0139851 0.185298 0.137879 0.220196 0.124055 0.22362 -0.0393901
16 32 6 24 0.35314 -0.0464704 0.0893055 -0.247692 -0.0812909 -0.047754 -0.120777 -0.200108 -0.121428 -0.207914 0.0714004 -0.108832 0.125561 0.0826822 -0.117051 -0.188759 -0.2725 -0.302853 -0.267466 0.0828773 -0.102894 -0.212356 -0.0180781 -0.0818038 -0.254142 -0.243509 -0.125522 -0.227293 -0.0102899 0.145388 -0.110514 -0.224181 -0.0324017
4 16 24 12 -0.379228 0.352048 0.0408043 0.211532 0.200575 0.166024 -0.0653108 0.0844944 -0.118351 0.109225 0.192172 -0.00740761 0.00782143 -0.0589999 0.0296564 -0.0170904 0.0382666 -0.144619 0.215364 0.383794 0.0998345 0.0113121 0.383794 0.191966 0.207462 -0.157197 -0.00104269 0.0730233 0.0131798 -0.193502 0.0654467 -0.0324624 -0.022589
4 4 20 20 -0.00952226 0.166281 -0.255877 0.291615 0.136577 -0.236633 -0.281776 -0.0382542 0.093129 0.0210011 -0.210995 0.0159018 -0.186956 -0.271671 -0.254136 0.236161 -0.0293809 0.133213 0.179019 -0.107476 0.012715 0.205725 0.0731291 -0.23793 0.0102894 0.0220334 0.177063 0.0105557 0.122621 0.0971965 0.286539 -0.116336 -0.233465
28 0 40 10 -0.364762 0.101978 -0.06993 0.0671754 0.0918052 0.364762 0.364762 0.0172487 -0.111021 0.0766637 0.362573 0.192178 -0.0101386 -0.0484997 0.294147 0.0881197 0.146921 0.0210519 0.0623327 -0.0187385 0.0635893 -0.0176265 -0.0259005 0.107812 0.347421 -0.0311182 -0.164317 0.000799173 0.0567065 0.108528 -0.0883164 0.248268 0.04461
0 12 28 28 -0.0244824 -0.00925438 0.328235 -0.233721 0.0311089 -0.1085 0.0735091 -0.347921 0.241166 -0.0501863 0.0375596 -0.0911481 -0.100567 -0.0476686 0.0956279 -0.0600379 -0.10362 0.0523606 -0.216847 -0.347921 0.00118363 0.294078 -0.218355 -0.210129 -0.113155 -0.00244335 -0.0259335 0.278354 -0.0614987 0.0485639 0.281325 0.190383 -0.140988

20 0.492712
16 20 12 18 -0.355825 -0.0849579 0.193666 -0.06038 -0.188332 -0.152479 0.286085 -0.151126 0.0294409 0.0696937 0.156116 0.000798427 -0.0522671 0.0379932 0.160249 0.105214 0.065277 -0.153437 -0.0549049 -0.0790872 -0.211376 -0.202811 0.112811 -0.194551 -0.203889 0.0325625 0.113215 0.251163 0.355825 0.214059 0.181673 0.202802 0.203933
0 0 40 20 -0.355534 0.0495986 -0.0259406 0.0394718 -0.0748107 -0.131001 -0.0907272 0.355534 0.174169 0.0391185 -0.0586098 -0.251036 0.180784 0.183779 -0.315238 -0.170027 0.250274 0.0339149 0.180354 -0.0301062 -0.027218 0.139058 0.31376 -0.0948516 0.0697149 0.0206231 0.179817 0.197221 0.0258361 -0.000566198 0.279367 0.1497 0.0750943
24 0 24 6 -0.0387105 -0.303917 -0.285763 0.164495 0.104588 0.159807 0.201042 -0.0729738 -0.113923 -0.2504 0.109759 0.351262 -0.117651 -0.127758 0.189361 -0.0681028 -0.0307946 0.222764 0.134511 0.122739 -0.0426493 -0.11689 -0.0185939 0.351262 -0.0805653 -0.22587 -0.192647 -0.0596012 -0.00974456 0.068506 0.025476 -0.226745 -0.212791
0 0 24 6 -0.00328181 -0.0394419 -0.0148893 0.0490162 -0.114432 0.0270485 -0.108848 -0.161898 0.174285 0.338484 -0.198811 -0.346535 -0.0445277 0.357295 -0.139599 0.00760145 -0.0397912 0.11658 0.151841 -0.201969 -0.0309082 0.0381716 -0.0432399 -0.107884 0.19209 0.00296941 0.188582 -0.245603 0.357295 -0.0166136 -0.12605 -0.288245 -0.158119
4 0 36 24 -0.229632 0.125842 -0.139996 0.341995 -0.123055 0.056049 0.231749 0.362779 -0.193078 0.131855 -0.103748 -0.14405 0.109446 0.205507 -0.219706 0.0611212 0.128551 0.0260514 0.110215 -0.148479 0.140981 0.0433203 -0.0700003 -0.244548 0.113229 -0.0675062 0.238477 0.0767165 -0.151879 -0.0773991 0.362779 -0.0737224 -0.0626843
4 12 16 32 -0.349669 0.0934973 -0.0433946 0.0455007 0.0692512 0.227189 0.0877295 -0.151815 -0.178345 0.0832234 0.326786 0.0786247 0.0164697 0.0113516 0.200575 -0.099534 0.0665867 0.0639672 0.0715748 0.349669 0.207605 0.00444453 0.192106 0.144447 0.0211371 0.0963441 0.083712 0.259732 0.017893 -0.319035 -0.022925 0.332646 0.176825
12 16 12 12 -0.194799 -0.0388144 0.0588327 -0.0847749 0.0708561 0.200872 0.156875 -0.121623 0.109985 0.0690062 0.203379 0.182347 -0.175073 0.223844 0.359174 -0.0051209 -0.190568 -0.252114 -0.0544104 -0.216784 0.00732597 -0.161061 0.0253563 -0.274 0.165329 0.095113 -0.0159114 -0.22864 0.20757 0.026183 -0.216803 0.170354 0.304913
28 0 12 12 0.318203 -0.0284636 -0.134757 -0.0623851 -0.0658265 0.0823838 0.0936769 -0.0967906 -0.0955898 -0.210992 -0.144277 0.0315064 -0.216275 0.0613457 -0.014586 -0.163064 -0.35547 -0.124642 -0.309018 -0.0840425 0.00996585 0.103899 -0.0723962 -0.14953 0.0177424 -0.110999 0.0785139 -0.159063 -0.35547 -0.173776 0.143586 -0.35547 -0.229811
8 0 24 6 -0.175349 -0.369931 -0.369931 0.0689196 0.318128 0.207844 -0.127685 -0.034805 0.16107 0.359962 0.00963878 0.0725713 -0.0171161 -0.21558 -0.0623839 0.0494303 0.0532478 0.109492 0.20812 -0.166211 0.209726 -0.0508245 -0.101085 -0.0683841 0.175792 0.180382 0.177437 0.0269813 0.139335 0.00768251 0.0144206 -0.202622 -0.000969823
20 16 12 18 -0.343207 0.102355 -0.00663733 -0.146435 0.136877 0.250755 -0.126919 0.0523459 0.102048 0.21976 0.326635 0.250222 0.172884 0.0944942 0.132515 0.122999 0.202045 0.0597747 -0.0767562 0.0570763 -0.317592 -0.179375 0.0638264 0.2381 -0.284613 -0.174329 -0.138797 0.00863228 0.227418 0.0691676 0.0498199 0.0447062 -0.0359791
8 0 16 24 -0.337293 0.0112117 0.140064 0.175549 -0.159035 -0.266601 0.24807 0.0913006 0.0629403 -0.192277 -0.161893 0.191635 0.347214 0.245097 0.139755 0.0770756 0.142081 0.253558 0.181741 -0.122174 -0.143395 0.0830959 0.033478 0.0188697 -0.0566149 -0.0655465 -0.0143233 0.0967009 0.309689 0.0741429 -0.126052 0.0210314 0.230963
12 24 12 12 -0.0229442 0.233005 0.00823933 0.12258 0.0164209 0.097446 0.100636 0.212688 -0.238383 -0.0762261 0.233353 -0.0260986 -0.0223956 -0.21268 0.27941 -0.113235 0.196307 0.0913104 0.0738931 -0.0986351 -0.156226 0.117394 0.187655 -0.114021 -0.359973 -0.261448 0.140836 0.0555587 0.221394 0.131709 -0.181928 -0.231685 -0.278226
0 16 24 12 0.136557 0.260991 0.347775 -0.307268 0.115167 -0.0626951 0.146692 -0.169854 0.126629 -0.0600288 -0.0831143 0.0241952 -0.157044 -0.349752 -0.114701 -0.152273 -0.256997 0.0191854 -0.244117 -0.125203 -0.169899 0.0405025 0.0131678 -0.0238208 -0.295657 -0.0282338 -0.0529461 -0.176159 0.291525 0.127578 0.00397734 -0.0971357 0.0637514
8 24 16 32 -0.216731 0.118243 -0.0308099 -0.0148446 0.254907 0.106909 -0.25851 0.200073 0.311102 -0.017207 0.23162 -0.105953 -0.108977 -0.03791 -0.0268025 0.15803 0.356442 -0.0193316 -0.152621 0.123508 -0.0428845 -0.0712054 0.102247 0.35057 0.0743518 -0.211981 -0.207159 0.05231 -0.0138823 -0.0688607 -0.0933511 0.356442 -0.0109964
0 0 24 16 -0.177298 -0.208877 -0.206358 0.175199 0.0132065 -0.349992 -0.0504065 0.368628 0.193642 -0.100228 0.0663612 -0.0896606 0.00961679 -0.179511 -0.0791351 -0.0394931 0.265098 0.14645 -0.0187533 0.178319 -0.0774881 -0.010278 0.318643 -0.0651098 -0.335787 0.10758 0.218906 -0.00904693 0.141864 -0.0391214 -0.0178451 -0.00617555 0.221648
24 16 12 12 -0.0982249 0.0842786 0.238069 -0.110774 -0.0342472 0.0635099 0.0374755 0.0603294 0.155526 -0.0965272 -0.00100877 0.0744147 0.151814 -0.15993 -0.128839 -0.351576 -0.0927331 -0.026643 -0.0128511 -0.351576 -0.351576 -0.0959682 -0.118269 -0.0896834 -0.116561 0.023111 0.0699955 0.310829 0.323567 0.160669 0.226554 0.274352 0.0728858
0 8 12 12 -0.151903 0.0985606 0.27541 0.143458 -0.37239 -0.0400017 0.37239 -0.140562 0.0038312 -0.138556 0.0927793 -0.120109 0.266234 -0.0423184 -0.158442 -0.120287 0.123828 0.336358 -0.0397557 -0.149803 -0.1682 0.203062 0.0203203 0.0433404 -0.022239 0.267052 -0.11655 0.192067 0.147455 0.0922221 -0.0292117 0.116053 -0.122392
4 0 12 18 0.162799 -0.371269 -0.173545 0.0508704 -0.0450171 -0.232117 0.270764 -0.295533 -0.0158704 -0.148539 -0.0430593 -0.0248886 0.147322 -0.0356505 -0.185856 0.0180682 0.152023 0.135377 -0.0539468 0.359887 0.11376 -0.244847 -0.211427 0.104776 0.0496289 0.0701931 0.00542941 -0.22125 -0.125027 -0.198438 -0.273262 -0.0145842 -0.060698
20 16 24 6 -0.0844706 -0.287436 0.0762646 0.0480541 0.0555601 0.13261 0.358743 -0.337719 -0.146105 0.195586 -0.0548101 -0.0233221 -0.217843 -0.0337133 0.0547939 0.336756 -0.0760191 -0.133927 0.00485915 -0.00191524 0.113374 0.0410014 0.0691634 0.0102444 -0.195075 -0.132066 -0.156875 0.0783428 0.0116809 0.358743 0.110237 -0.0290056 -0.358743
4 0 36 36 -0.128169 0.0978964 -0.124896 0.0100797 -0.0446035 0.015833 -0.161798 0.121585 -0.0781117 0.0369208 0.35381 -0.0541582 -0.0651482 -0.127074 0.158509 -0.100049 0.13683 -0.0605186 0.0494149 -0.0785013 0.00863432 -0.0648985 0.00992966 -0.130761 0.0882867 0.3453 0.117952 -0.356226 0.174604 0.229187 -0.38437 -0.113972 0.38437

6
4 0.499196
0 0 36 36 -0.0725476 -0.0830246 0.189122 -0.0550163 -0.153154 -0.36555 -0.100154 -0.0744546 0.102629 -0.049942 0.264318 0.103021 0.194073 -0.0532722 0.161805 -0.262188 0.15299 0.115989 0.258687 -0.158685 -0.0837636 0.0293354 0.166268 -0.36555 -0.180036 0.0230796 0.273555 0.0926537 0.0428957 -0.285487 0.0307516 -0.0186937 0.193207
12 4 28 28 -0.138273 -0.108501 0.169193 0.00337184 0.216315 -0.177431 -0.0894782 -0.0626672 0.356093 -0.149418 0.239669 0.0835751 0.063706 -0.0783259 0.340791 -0.325505 0.0483432 -0.211533 -0.0114943 0.0160838 -0.138161 -0.216902 0.161584 -0.270085 -0.208104 0.133368 0.0226533 0.0724557 0.202526 0.033482 -0.214998 0.110756 0.117526
0 16 18 12 0.0210957 0.184404 0.348139 -0.348139 -0.0918511 -0.091382 0.123368 -0.306714 0.126029 0.00368005 0.186342 -0.100067 -0.0656356 -0.179326 -0.056709 -0.245841 0.0447737 0.0461618 0.0162304 -0.186785 -0.18411 0.00491774 0.101958 -0.286002 -0.284172 0.176917 0.193334 -0.0266019 0.0232058 0.141956 0.232278 -0.164927 -0.0945111
16 16 16 24 -0.292151 -0.0193293 0.230315 -0.0565025 0.0420924 0.0523298 0.179997 -0.228503 0.104614 0.156598 0.355776 0.157479 -0.00183999 -0.115814 0.24804 0.0560839 0.188653 -0.137779 -0.102192 0.0725622 -0.1687 -0.277175 0.0384146 -0.0434086 -0.228795 0.0756991 0.0954105 0.127299 0.154497 -0.147257 -0.201014 0.332481 0.186347

4 0.489066
4 0 30 20 -0.284536 0.0867398 0.00449746 0.121618 0.028294 -0.186401 -0.189147 0.117342 0.121186 -0.0470686 0.0166879 -0.005399 0.29096 -0.014723 -0.170005 0.0157143 0.221673 0.329538 0.0943455 0.0922119 0.142188 0.356947 0.184426 0.00730312 -0.0917666 -0.109441 0.185677 -0.106541 -0.120337 -0.061675 0.302844 -0.356947 -0.09695
4 0 24 36 -0.318475 -0.00994019 -0.191435 0.117812 0.0949374 0.0671544 -0.106622 0.161822 0.0213082 -0.157441 0.106533 0.168124 0.0733146 0.140618 0.349729 -0.30824 -0.057961 -0.188091 0.00768864 -0.0661966 0.0883794 -0.155075 -0.069781 -0.294425 0.19003 0.278033 0.13255 0.286952 0.203504 0.136034 0.0643414 0.188326 -0.00294212
20 0 20 20 -0.17236 -0.14182 -0.319156 0.14254 0.240986 0.206877 -0.100196 0.0535992 0.0517023 0.0999 -0.0205442 -0.0500669 -0.12397 0.307433 0.210087 -0.10988 -0.269371 -0.0942465 0.00458151 0.196067 0.248125 -0.0470337 -0.135395 0.0470975 0.235769 0.117564 0.350935 0.0647037 -0.160257 -0.207787 0.175763 -0.142692 -0.0358345
12 12 24 16 -0.229623 0.0766828 0.179479 0.0353762 0.0886888 0.0517767 0.167045 -0.14986 0.114522 0.00936446 0.143536 -0.082973 0.171708 0.0694238 0.148839 -0.127426 -0.0229562 0.0754516 0.0985496 0.0042792 -0.11383 0.229226 0.366597 -0.306909 -0.366597 -0.267013 -0.0282491 0.135568 0.366597 0.00974135 -0.149954 0.174995 -0.00682359

4 0.493436
16 12 20 20 -0.337034 -0.0722205 0.0771764 0.00619537 -0.0282598 0.124389 0.306243 -0.199675 0.000361024 0.0367681 0.268407 0.0696131 0.0842649 0.0771656 0.239138 -0.137457 0.0779378 -0.1771 -0.0164932 -0.0756752 -0.29583 -0.259137 0.172861 -0.159932 -0.200049 0.0958937 0.0130928 0.194581 0.172012 -0.0580104 -0.0802242 0.32997 0.242719
0 0 12 12 -0.00307064 -0.0218712 -0.0595911 0.245321 -0.0568434 -0.144689 -0.139658 -0.0683324 0.332448 -0.264405 -0.37589 0.115978 0.144887 0.0224137 -0.37589 0.170695 0.130489 0.114434 -0.0414663 -0.18889 -0.221069 -0.0386799 0.0462973 0.166833 0.0975169 0.0795215 0.164031 -0.113965 0.17624 -0.259714 -0.19829 0.011549 0.0844073
0 4 36 24 -0.365051 0.205981 0.022317 0.00641292 0.0695617 0.289547 0.0759104 0.171675 -0.0263725 0.0582493 0.0912159 0.0308116 0.00104687 -0.0611883 0.0307419 0.18272 0.249353 0.0495262 0.0334322 -0.13843 0.0859989 0.365051 0.298734 -0.20209 0.00688757 -0.219507 0.0502031 0.299001 -0.0216092 -0.00508021 0.365051 0.0636981 0.0617615
28 0 12 12 0.29142 -0.0738192 -0.315506 -0.030443 0.0354923 0.194694 -0.0863415 -0.0771019 -0.149125 -0.355958 -0.223421 -0.0561612 -0.179071 -0.195004 -0.0984794 -0.307148 -0.306015 -0.125362 -0.0824421 -0.00196401 -0.0284203 -0.00558436 -0.024746 -0.137184 -0.0412676 -0.0154616 0.192371 -0.0791831 -0.28836 -0.0630427 0.230742 -0.149389 -0.160169

17 0.495275
16 8 24 16 -0.353864 -0.0474451 0.0868194 0.0423269 0.0668086 0.0288529 0.140334 -0.0856311 0.120455 0.0370659 0.0838186 0.188074 0.21264 0.119928 0.150003 0.0676056 0.145105 -0.267304 0.0551852 -0.0673851 -0.298783 -0.353864 0.224064 -0.303922 -0.198433 0.0791099 0.122515 0.0956197 0.208996 0.0256666 -0.0215418 0.238602 0.216607
0 0 12 12 -0.0714637 0.0687873 0.00688816 0.273774 -0.0316558 -0.0817676 -0.178724 -0.0633329 0.367345 -0.278158 -0.367345 0.246333 0.0944701 -0.0301235 -0.205012 0.115149 0.0544096 0.17513 -0.0667834 -0.14543 -0.215488 -0.0988798 -0.151138 0.180846 0.208308 0.105936 0.180552 -0.0204364 0.190727 -0.286125 -0.0906383 0.0382712 0.027791
0 12 10 40 -0.342903 0.128779 0.109326 0.164077 -0.135652 0.0312311 0.268438 0.0616657 -0.11117 0.13753 0.0283449 -0.035758 0.166542 0.32996 0.0252785 -0.0717739 0.131112 0.0415648 -0.047297 -0.240239 0.0397304 0.172656 -0.178721 -0.0988034 -0.00147042 0.303738 0.242709 -0.119001 -0.206161 0.196196 0.300108 0.233399 0.0569171
4 0 28 28 -0.288066 -0.0461328 0.102094 0.166018 -0.125873 -0.226642 0.178913 0.1591 0.137422 -0.346631 -0.123532 0.166489 0.271089 -0.0728755 0.0345314 -0.034455 0.210162 0.116892 0.0343845 -0.0871888 0.204719 0.333614 -0.00106833 -0.242141 -0.00778771 -0.100743 0.0319739 0.207797 0.199277 0.136258 0.291612 -0.0288582 -0.0473814
0 28 12 18 0.0517228 0.0292082 0.0463259 -0.329462 -0.25075 0.112926 0.00574173 -0.307556 -0.165764 -0.166187 0.183227 0.127179 -0.106815 -0.263617 0.294017 -0.153897 -0.142859 0.0301752 0.0756057 -0.286145 -0.0883131 0.127411 0.1179 -0.223568 0.0468886 0.12524 -0.260041 0.060871 0.0258652 0.204197 0.0359003 0.137727 -0.247158
0 8 16 32 -0.356714 0.249932 0.221097 -0.0168555 -0.0827202 0.0765557 0.0904202 0.0842132 0.0965779 0.121169 0.111687 0.243006 -0.0923479 -0.233642 -0.0295169 0.356714 0.217015 0.306135 0.150203 -0.181879 0.0576849 0.189963 0.00113457 -0.105558 0.0540479 0.123675 0.112196 0.0449111 0.136165 0.264718 0.202068 0.152212 -0.058597
32 16 24 6 -0.0633069 0.0639196 0.200112 0.0429214 0.129188 -0.167505 -0.0969188 -0.0956758 0.303819 0.00691869 -0.17093 0.000108239 -0.037736 -0.13716 -0.201883 0.282829 0.0747497 -0.0550658 0.151107 -0.214789 -0.206091 -0.130518 -0.0300473 0.179314 0.335138 -0.103919 -0.258331 -0.109827 -0.326236 -0.0881816 -0.0305627 0.335682 -0.119909
16 16 24 6 -0.139817 -0.119047 0.0241857 0.26542 0.0632267 0.10139 0.359776 -0.0837487 -0.349224 -0.0939299 0.0552194 -0.0832353 0.154985 -0.0925784 -0.0992851 -0.0447156 0.263745 -0.141186 -0.141546 0.0374868 -0.0429515 0.0554098 0.196247 -0.133214 -0.121822 -0.257366 -0.16401 0.145791 0.232252 0.318929 -0.041972 0.238895 -0.181111
24 8 32 16 -0.093295 -0.188798 0.167975 -0.0648727 0.120263 -0.0624126 -0.08289 -0.0883085 0.376644 0.0601179 0.124794 0.113311 0.0922177 -0.0816763 0.0182371 0.142913 0.108324 -0.0393757 -0.376644 -0.0564407 0.108069 0.0139163 -0.376644 0.122485 -0.147937 -0.0281802 -0.174382 -0.108585 0.20027 0.183327 -0.281952 0.182739 0.300207
16 0 12 24 0.147723 -0.111049 -0.298664 -0.0505537 0.163766 0.207489 -0.20621 -0.0422582 0.0274678 -0.177597 -0.0619923 -0.0733915 -0.267081 0.00792977 0.105377 -0.159464 -0.25401 -0.107122 0.295754 -0.0290895 -0.128547 -0.258649 0.0984772 -0.1017 0.278177 -0.0616058 -0.0417003 -0.246934 -0.106334 -0.0748405 0.202697 -0.350319 -0.0891358
20 16 12 18 -0.357274 0.0227091 0.153656 -0.136741 -0.000167561 0.165184 0.160456 -0.0678543 0.111486 0.261272 0.0164766 0.0476693 0.150987 0.284565 0.0464967 -0.020055 -0.166326 -0.0277124 0.0859456 -0.0421532 -0.276823 -0.238613 0.150634 0.0643184 -0.0663986 -0.198721 0.180931 0.0674542 0.357274 0.0877289 0.172121 0.0018276 0.357274
0 20 16 32 -0.352674 -0.0827081 0.352674 -0.0433689 0.0353737 -0.168412 0.187774 -0.327573 0.231588 0.0115062 0.186571 -0.13947 -0.0935848 -0.126614 0.216786 0.101625 0.153038 0.254189 -0.0555575 -0.04574 -0.0244574 0.236537 -0.0388794 0.106648 -0.130331 0.146076 -0.0139851 0.185298 0.137879 0.220196 0.124055 0.22362 -0.0393901
16 32 6 24 0.35314 -0.0464704 0.0893055 -0.247692 -0.0812909 -0.047754 -0.120777 -0.200108 -0.121428 -0.207914 0.0714004 -0.108832 0.125561 0.0826822 -0.117051 -0.188759 -0.2725 -0.302853 -0.267466 0.0828773 -0.102894 -0.212356 -0.0180781 -0.0818038 -0.254142 -0.243509 -0.125522 -0.227293 -0.0102899 0.145388 -0.110514 -0.224181 -0.0324017
4 16 24 12 -0.379228 0.352048 0.0408043 0.211532 0.200575 0.166024 -0.0653108 0.0844944 -0.118351 0.109225 0.192172 -0.00740761 0.00782143 -0.0589999 0.0296564 -0.0170904 0.0382666 -0.144619 0.215364 0.383794 0.0998345 0.0113121 0.383794 0.191966 0.207462 -0.157197 -0.00104269 0.0730233 0.0131798 -0.193502 0.0654467 -0.0324624 -0.022589
4 4 20 20 -0.00952226 0.166281 -0.255877 0.291615 0.136577 -0.236633 -0.281776 -0.0382542 0.093129 0.0210011 -0.210995 0.0159018 -0.186956 -0.271671 -0.254136 0.236161 -0.0293809 0.133213 0.179019 -0.107476 0.012715 0.205725 0.0731291 -0.23793 0.0102894 0.0220334 0.177063 0.0105557 0.122621 0.0971965 0.286539 -0.116336 -0.233465
28 0 40 10 -0.364762 0.101978 -0.06993 0.0671754 0.0918052 0.364762 0.364762 0.0172487 -0.111021 0.0766637 0.362573 0.192178 -0.0101386 -0.0484997 0.294147 0.0881197 0.146921 0.0210519 0.0623327 -0.0187385 0.0635893 -0.0176265 -0.0259005 0.107812 0.347421 -0.0311182 -0.164317 0.000799173 0.0567065 0.108528 -0.0883164 0.248268 0.04461
0 12 28 28 -0.0244824 -0.00925438 0.328235 -0.233721 0.0311089 -0.1085 0.0735091 -0.347921 0.241166 -0.0501863 0.0375596 -0.0911481 -0.100567 -0.0476686 0.0956279 -0.0600379 -0.10362 0.0523606 -0.216847 -0.347921 0.00118363 0.294078 -0.218355 -0.210129 -0.113155 -0.00244335 -0.0259335 0.278354 -0.0614987 0.0485639 0.281325 0.190383 -0.140988

20 0.492712
16 20 12 18 -0.355825 -0.0849579 0.193666 -0.06038 -0.188332 -0.152479 0.286085 -0.151126 0.0294409 0.0696937 0.156116 0.000798427 -0.0522671 0.0379932 0.160249 0.105214 0.065277 -0.153437 -0.0549049 -0.0790872 -0.211376 -0.202811 0.112811 -0.194551 -0.203889 0.0325625 0.113215 0.251163 0.355825 0.214059 0.181673 0.202802 0.203933
0 0 40 20 -0.355534 0.0495986 -0.0259406 0.0394718 -0.0748107 -0.131001 -0.0907272 0.355534 0.174169 0.0391185 -0.0586098 -0.251036 0.180784 0.183779 -0.315238 -0.170027 0.250274 0.0339149 0.180354 -0.0301062 -0.027218 0.139058 0.31376 -0.0948516 0.0697149 0.0206231 0.179817 0.197221 0.0258361 -0.000566198 0.279367 0.1497 0.0750943
24 0 24 6 -0.0387105 -0.303917 -0.285763 0.164495 0.104588 0.159807 0.201042 -0.0729738 -0.113923 -0.2504 0.109759 0.351262 -0.117651 -0.127758 0.189361 -0.0681028 -0.0307946 0.222764 0.134511 0.122739 -0.0426493 -0.11689 -0.0185939 0.351262 -0.0805653 -0.22587 -0.192647 -0.0596012 -0.00974456 0.068506 0.025476 -0.226745 -0.212791
0 0 24 6 -0.00328181 -0.0394419 -0.0148893 0.0490162 -0.114432 0.0270485 -0.108848 -0.161898 0.174285 0.338484 -0.198811 -0.346535 -0.0445277 0.357295 -0.139599 0.00760145 -0.0397912 0.11658 0.151841 -0.201969 -0.0309082 0.0381716 -0.0432399 -0.107884 0.19209 0.00296941 0.188582 -0.245603 0.357295 -0.0166136 -0.12605 -0.288245 -0.158119
4 0 36 24 -0.229632 0.125842 -0.139996 0.341995 -0.123055 0.056049 0.231749 0.362779 -0.193078 0.131855 -0.103748 -0.14405 0.109446 0.205507 -0.219706 0.0611212 0.128551 0.0260514 0.110215 -0.148479 0.140981 0.0433203 -0.0700003 -0.244548 0.113229 -0.0675062 0.238477 0.0767165 -0.151879 -0.0773991 0.362779 -0.0737224 -0.0626843
4 12 16 32 -0.349669 0.0934973 -0.0433946 0.0455007 0.0692512 0.227189 0.0877295 -0.151815 -0.178345 0.0832234 0.326786 0.0786247 0.0164697 0.0113516 0.200575 -0.099534 0.0665867 0.0639672 0.0715748 0.349669 0.207605 0.00444453 0.192106 0.144447 0.0211371 0.0963441 0.083712 0.259732 0.017893 -0.319035 -0.022925 0.332646 0.176825
12 16 12 12 -0.194799 -0.0388144 0.0588327 -0.0847749 0.0708561 0.200872 0.156875 -0.121623 0.109985 0.0690062 0.203379 0.182347 -0.175073 0.223844 0.359174 -0.0051209 -0.190568 -0.252114 -0.0544104 -0.216784 0.00732597 -0.161061 0.0253563 -0.274 0.165329 0.095113 -0.0159114 -0.22864 0.20757 0.026183 -0.216803 0.170354 0.304913
28 0 12 12 0.318203 -0.0284636 -0.134757 -0.0623851 -0.0658265 0.0823838 0.0936769 -0.0967906 -0.0955898 -0.210992 -0.144277 0.0315064 -0.216275 0.0613457 -0.014586 -0.163064 -0.35547 -0.124642 -0.309018 -0.0840425 0.00996585 0.103899 -0.0723962 -0.14953 0.0177424 -0.110999 0.0785139 -0.159063 -0.35547 -0.173776 0.143586 -0.35547 -0.229811
8 0 24 6 -0.175349 -0.369931 -0.369931 0.0689196 0.318128 0.207844 -0.127685 -0.034805 0.16107 0.359962 0.00963878 0.0725713 -0.0171161 -0.21558 -0.0623839 0.0494303 0.0532478 0.109492 0.20812 -0.166211 0.209726 -0.0508245 -0.101085 -0.0683841 0.175792 0.180382 0.177437 0.0269813 0.139335 0.00768251 0.0144206 -0.202622 -0.000969823
20 16 12 18 -0.343207 0.102355 -0.00663733 -0.146435 0.136877 0.250755 -0.126919 0.0523459 0.102048 0.21976 0.326635 0.250222 0.172884 0.0944942 0.132515 0.122999 0.202045 0.0597747 -0.0767562 0.0570763 -0.317592 -0.179375 0.0638264 0.2381 -0.284613 -0.174329 -0.138797 0.00863228 0.227418 0.0691676 0.0498199 0.0447062 -0.0359791
8 0 16 24 -0.337293 0.0112117 0.140064 0.175549 -0.159035 -0.266601 0.24807 0.0913006 0.0629403 -0.192277 -0.161893 0.191635 0.347214 0.245097 0.139755 0.0770756 0.142081 0.253558 0.181741 -0.122174 -0.143395 0.0830959 0.033478 0.0188697 -0.0566149 -0.0655465 -0.0143233 0.0967009 0.309689 0.0741429 -0.126052 0.0210314 0.230963
12 24 12 12 -0.0229442 0.233005 0.00823933 0.12258 0.0164209 0.097446 0.100636 0.212688 -0.238383 -0.0762261 0.233353 -0.0260986 -0.0223956 -0.21268 0.27941 -0.113235 0.196307 0.0913104 0.0738931 -0.0986351 -0.156226 0.117394 0.187655 -0.114021 -0.359973 -0.261448 0.140836 0.0555587 0.221394 0.131709 -0.181928 -0.231685 -0.278226
0 16 24 12 0.136557 0.260991 0.347775 -0.307268 0.115167 -0.0626951 0.146692 -0.169854 0.126629 -0.0600288 -0.0831143 0.0241952 -0.157044 -0.349752 -0.114701 -0.152273 -0.256997 0.0191854 -0.244117 -0.125203 -0.169899 0.0405025 0.0131678 -0.0238208 -0.295657 -0.0282338 -0.0529461 -0.176159 0.291525 0.127578 0.00397734 -0.0971357 0.0637514
8 24 16 32 -0.216731 0.118243 -0.0308099 -0.0148446 0.254907 0.106909 -0.25851 0.200073 0.311102 -0.017207 0.23162 -0.105953 -0.108977 -0.03791 -0.0268025 0.15803 0.356442 -0.0193316 -0.152621 0.123508 -0.0428845 -0.0712054 0.102247 0.35057 0.0743518 -0.211981 -0.207159 0.05231 -0.0138823 -0.0688607 -0.0933511 0.356442 -0.0109964
0 0 24 16 -0.177298 -0.208877 -0.206358 0.175199 0.0132065 -0.349992 -0.0504065 0.368628 0.193642 -0.100228 0.0663612 -0.0896606 0.00961679 -0.179511 -0.0791351 -0.0394931 0.265098 0.14645 -0.0187533 0.178319 -0.0774881 -0.010278 0.318643 -0.0651098 -0.335787 0.10758 0.218906 -0.00904693 0.141864 -0.0391214 -0.0178451 -0.00617555 0.221648
24 16 12 12 -0.0982249 0.0842786 0.238069 -0.110774 -0.0342472 0.0635099 0.0374755 0.0603294 0.155526 -0.0965272 -0.00100877 0.0744147 0.151814 -0.15993 -0.128839 -0.351576 -0.0927331 -0.026643 -0.0128511 -0.351576 -0.351576 -0.0959682 -0.118269 -0.0896834 -0.116561 0.023111 0.0699955 0.310829 0.323567 0.160669 0.226554 0.274352 0.0728858
0 8 12 12 -0.151903 0.0985606 0.27541 0.143458 -0.37239 -0.0400017 0.37239 -0.140562 0.0038312 -0.138556 0.0927793 -0.120109 0.266234 -0.0423184 -0.158442 -0.120287 0.123828 0.336358 -0.0397557 -0.149803 -0.1682 0.203062 0.0203203 0.0433404 -0.022239 0.267052 -0.11655 0.192067 0.147455 0.0922221 -0.0292117 0.116053 -0.122392
4 0 12 18 0.162799 -0.371269 -0.173545 0.0508704 -0.0450171 -0.232117 0.270764 -0.295533 -0.0158704 -0.148539 -0.0430593 -0.0248886 0.147322 -0.0356505 -0.185856 0.0180682 0.152023 0.135377 -0.0539468 0.359887 0.11376 -0.244847 -0.211427 0.104776 0.0496289 0.0701931 0.00542941 -0.22125 -0.125027 -0.198438 -0.273262 -0.0145842 -0.060698
20 16 24 6 -0.0844706 -0.287436 0.0762646 0.0480541 0.0555601 0.13261 0.358743 -0.337719 -0.146105 0.195586 -0.0548101 -0.0233221 -0.217843 -0.0337133 0.0547939 0.336756 -0.0760191 -0.133927 0.00485915 -0.00191524 0.113374 0.0410014 0.0691634 0.0102444 -0.195075 -0.132066 -0.156875 0.0783428 0.0116809 0.358743 0.110237 -0.0290056 -0.358743
4 0 36 36 -0.128169 0.0978964 -0.124896 0.0100797 -0.0446035 0.015833 -0.161798 0.121585 -0.0781117 0.0369208 0.35381 -0.0541582 -0.0651482 -0.127074 0.158509 -0.100049 0.13683 -0.0605186 0.0494149 -0.0785013 0.00863432 -0.0648985 0.00992966 -0.130761 0.0882867 0.3453 0.117952 -0.356226 0.174604 0.229187 -0.38437 -0.113972 0.38437

13 0.491548
12 28 12 12 -0.200607 -0.174858 -0.0873463 0.0692725 -0.173341 -0.0886708 0.208665 -0.16791 -0.333979 -0.181617 -0.00816617 -0.0732494 -0.0254685 0.000333886 0.164152 -0.290145 -0.00710334 0.134936 -0.156172 0.192314 0.173842 0.244882 0.079008 0.116126 -0.128667 -0.30041 0.239475 0.351866 0.230935 0.00707272 0.024345 -0.0429539 0.0427789
8 16 12 18 -0.356307 0.192768 0.0215762 -0.0698033 0.0343807 0.157224 -0.0289293 -0.141862 -0.0596456 -0.163668 0.167475 0.0387064 0.0643171 0.108208 0.318379 -0.190548 0.0979364 0.201056 0.067561 0.0603618 0.356307 0.243772 0.0838357 0.179005 0.333268 0.0442975 -0.0397763 0.200942 -0.0585431 -0.100261 0.130687 0.268266 -0.136425
12 8 12 18 -0.130774 -0.0470889 0.0942356 -0.323515 0.0926052 -0.0390379 -0.300145 -0.200218 0.243855 -0.284586 -0.0734024 0.0684762 -0.00623924 -0.323341 -0.18631 0.186516 0.353946 0.117369 -0.0464678 -0.0764932 0.081614 0.286052 0.0110171 -0.0450359 0.00165322 0.0799114 -0.0636587 0.058027 0.204581 0.196579 -0.161531 0.183629 0.00969784
0 24 12 12 0.254658 0.178759 0.212054 -0.211155 -0.366471 0.118058 0.0459213 -0.117913 -0.131732 -0.0531079 -0.13248 0.0921003 -0.0728951 -0.159077 -0.0900882 -0.00642833 -0.149834 0.21375 0.0634759 -0.366471 -0.301026 -0.217406 -0.13007 0.00517247 -0.0320861 0.116019 0.100718 -0.304198 0.0240354 -0.186637 -0.19739 -0.0195026 0.0103137
8 0 12 24 -0.316961 -0.0612875 -0.123112 -0.151291 0.113232 0.0817553 -0.24977 -0.190993 0.052877 -0.237053 -0.23046 0.136164 0.314407 0.279637 0.261604 -0.132783 -0.0353054 0.226971 0.189056 0.242973 -0.0461258 -0.10533 0.199624 0.0863587 0.0867396 0.128497 0.0245403 0.170218 0.115975 0.170228 0.169983 0.00273582 0.0518919
0 12 20 40 -0.262754 0.0631918 0.0992989 0.285741 0.00822508 -0.117375 0.168484 0.105062 -0.0600714 0.00775516 0.367392 0.24032 -0.153407 -0.222001 0.367392 0.0659195 -0.00202852 -0.205762 -0.011006 -0.0414918 0.185944 -0.136317 -0.0893234 -0.201768 0.238475 0.0960887 -0.105912 0.0833978 -0.0617256 -0.100453 -0.141124 0.308557 0.05641
0 0 30 20 -0.241076 0.0773339 -0.296339 0.308083 -0.0289439 -0.179286 -0.259593 0.387667 -0.0877719 0.178794 0.0514634 -0.0276347 0.180565 0.249851 -0.0493125 0.054561 0.0676724 -0.0275184 0.174176 0.193782 0.117268 -0.146362 0.214684 -0.183842 -0.0117123 -0.00436516 0.172473 -0.189642 0.0351496 -0.0463986 0.0867103 -0.25924 0.119707
4 8 20 30 -0.221872 0.190842 0.028579 -0.0789041 -0.0766449 0.195163 0.0255804 -0.0648916 -0.0692414 0.0322405 0.0303693 0.00161002 0.155343 0.266089 0.0100611 -0.0121109 0.265291 0.348392 -0.0114072 0.256168 -0.0179891 0.23354 0.21951 0.256171 -0.32058 -0.203442 0.183841 -0.156036 -0.0338212 -0.253183 0.0588529 -0.186119 0.121207
4 0 12 12 0.289738 -0.353395 0.0251315 0.126835 0.0493302 -0.149985 0.283424 -0.180662 0.145594 -0.203901 -0.0250087 -0.0573554 -0.115376 -0.202581 0.0612205 -0.13892 -0.0359027 -0.00611708 -0.0325569 -0.0261055 -0.157553 -0.353395 -0.353395 -0.115371 0.0495795 0.146317 -0.0020343 -0.221553 0.0322893 -0.163826 -0.132608 -0.252181 -0.0957213
28 0 40 10 -0.276188 0.0244645 0.124021 0.103401 -0.300119 0.0189585 0.367354 0.0277807 -0.220236 0.0447758 0.0269006 0.158174 -0.110669 -0.0193942 0.191038 0.14007 -0.148675 0.236935 0.0430921 0.134349 0.261529 0.243873 -0.0602449 0.268907 0.272391 0.0588759 -0.1085 -0.219593 -0.0512013 0.114596 -0.195231 0.142447 0.0315542
12 12 18 12 -0.359303 -0.0290903 0.258337 -0.106849 0.315389 0.0411772 0.030496 -0.129233 0.265814 -0.170382 0.102294 0.225797 0.28452 0.161332 0.249552 -0.136057 -0.157236 -0.126773 0.0393495 -0.0513915 0.171415 -0.0825603 0.114351 -0.141394 0.245767 0.0418793 0.159408 0.112051 0.143502 -0.0293581 0.206957 0.148676 0.113074
28 4 12 12 0.0374743 0.102951 -0.0591577 -0.334234 -0.156332 0.217443 0.0579411 0.0567716 0.0636473 -0.109457 0.00139324 -0.129005 0.100363 0.350621 0.127345 -0.246088 -0.0933003 -0.23408 -0.180243 0.208349 -0.0806049 -0.223711 -0.133446 0.248901 -0.00450391 0.0398537 0.237818 -0.300241 -0.258812 -0.0955285 -0.104761 -0.1456 0.0979214
4 8 16 32 -0.11558 0.319708 -0.223057 0.146794 -0.0545246 0.180325 -0.128222 0.315035 -0.350424 0.162092 -0.0150534 0.238707 0.350424 0.269505 -0.122145 0.0902215 0.154041 0.07286 -0.0976643 0.0285925 0.110848 0.0272817 -0.197431 0.0128341 -0.0515451 -0.1602 0.043339 0.20241 0.152088 -0.0976472 0.0239449 -0.168568 -0.0515476

6
4 0.499196
0 0 36 36 -0.0725476 -0.0830246 0.189122 -0.0550163 -0.153154 -0.36555 -0.100154 -0.0744546 0.102629 -0.049942 0.264318 0.103021 0.194073 -0.0532722 0.161805 -0.262188 0.15299 0.115989 0.258687 -0.158685 -0.0837636 0.0293354 0.166268 -0.36555 -0.180036 0.0230796 0.273555 0.0926537 0.0428957 -0.285487 0.0307516 -0.0186937 0.193207
12 4 28 28 -0.138273 -0.108501 0.169193 0.00337184 0.216315 -0.177431 -0.0894782 -0.0626672 0.356093 -0.149418 0.239669 0.0835751 0.063706 -0.0783259 0.340791 -0.325505 0.0483432 -0.211533 -0.0114943 0.0160838 -0.138161 -0.216902 0.161584 -0.270085 -0.208104 0.133368 0.0226533 0.0724557 0.202526 0.033482 -0.214998 0.110756 0.117526
0 16 18 12 0.0210957 0.184404 0.348139 -0.348139 -0.0918511 -0.091382 0.123368 -0.306714 0.126029 0.00368005 0.186342 -0.100067 -0.0656356 -0.179326 -0.056709 -0.245841 0.0447737 0.0461618 0.0162304 -0.186785 -0.18411 0.00491774 0.101958 -0.286002 -0.284172 0.176917 0.193334 -0.0266019 0.0232058 0.141956 0.232278 -0.164927 -0.0945111
16 16 16 24 -0.292151 -0.0193293 0.230315 -0.0565025 0.0420924 0.0523298 0.179997 -0.228503 0.104614 0.156598 0.355776 0.157479 -0.00183999 -0.115814 0.24804 0.0560839 0.188653 -0.137779 -0.102192 0.0725622 -0.1687 -0.277175 0.0384146 -0.0434086 -0.228795 0.0756991 0.0954105 0.127299 0.154497 -0.147257 -0.201014 0.332481 0.186347

4 0.489066
4 0 30 20 -0.284536 0.0867398 0.00449746 0.121618 0.028294 -0.186401 -0.189147 0.117342 0.121186 -0.0470686 0.0166879 -0.005399 0.29096 -0.014723 -0.170005 0.0157143 0.221673 0.329538 0.0943455 0.0922119 0.142188 0.356947 0.184426 0.00730312 -0.0917666 -0.109441 0.185677 -0.106541 -0.120337 -0.061675 0.302844 -0.356947 -0.09695
4 0 24 36 -0.318475 -0.00994019 -0.191435 0.117812 0.0949374 0.0671544 -0.106622 0.161822 0.0213082 -0.157441 0.106533 0.168124 0.0733146 0.140618 0.349729 -0.30824 -0.057961 -0.188091 0.00768864 -0.0661966 0.0883794 -0.155075 -0.069781 -0.294425 0.19003 0.278033 0.13255 0.286952 0.203504 0.136034 0.0643414 0.188326 -0.00294212
20 0 20 20 -0.17236 -0.14182 -0.319156 0.14254 0.240986 0.206877 -0.100196 0.0535992 0.0517023 0.0999 -0.0205442 -0.0500669 -0.12397 0.307433 0.210087 -0.10988 -0.269371 -0.0942465 0.00458151 0.196067 0.248125 -0.0470337 -0.135395 0.0470975 0.235769 0.117564 0.350935 0.0647037 -0.160257 -0.207787 0.175763 -0.142692 -0.0358345
12 12 24 16 -0.229623 0.0766828 0.179479 0.0353762 0.0886888 0.0517767 0.167045 -0.14986 0.114522 0.00936446 0.143536 -0.082973 0.171708 0.0694238 0.148839 -0.127426 -0.0229562 0.0754516 0.0985496 0.0042792 -0.11383 0.229226 0.366597 -0.306909 -0.366597 -0.267013 -0.0282491 0.135568 0.366597 0.00974135 -0.149954 0.174995 -0.00682359

4 0.493436
16 12 20 20 -0.337034 -0.0722205 0.0771764 0.00619537 -0.0282598 0.124389 0.306243 -0.199675 0.000361024 0.0367681 0.268407 0.0696131 0.0842649 0.0771656 0.239138 -0.137457 0.0779378 -0.1771 -0.0164932 -0.0756752 -0.29583 -0.259137 0.172861 -0.159932 -0.200049 0.0958937 0.0130928 0.194581 0.172012 -0.0580104 -0.0802242 0.32997 0.242719
0 0 12 12 -0.00307064 -0.0218712 -0.0595911 0.245321 -0.0568434 -0.144689 -0.139658 -0.0683324 0.332448 -0.264405 -0.37589 0.115978 0.144887 0.0224137 -0.37589 0.170695 0.130489 0.114434 -0.0414663 -0.18889 -0.221069 -0.0386799 0.0462973 0.166833 0.0975169 0.0795215 0.164031 -0.113965 0.17624 -0.259714 -0.19829 0.011549 0.0844073
0 4 36 24 -0.365051 0.205981 0.022317 0.00641292 0.0695617 0.289547 0.0759104 0.171675 -0.0263725 0.0582493 0.0912159 0.0308116 0.00104687 -0.0611883 0.0307419 0.18272 0.249353 0.0495262 0.0334322 -0.13843 0.0859989 0.365051 0.298734 -0.20209 0.00688757 -0.219507 0.0502031 0.299001 -0.0216092 -0.00508021 0.365051 0.0636981 0.0617615
28 0 12 12 0.29142 -0.0738192 -0.315506 -0.030443 0.0354923 0.194694 -0.0863415 -0.0771019 -0.149125 -0.355958 -0.223421 -0.0561612 -0.179071 -0.195004 -0.0984794 -0.307148 -0.306015 -0.125362 -0.0824421 -0.00196401 -0.0284203 -0.00558436 -0.024746 -0.137184 -0.0412676 -0.0154616 0.192371 -0.0791831 -0.28836 -0.0630427 0.230742 -0.149389 -0.160169

17 0.495275
16 8 24 16 -0.353864 -0.0474451 0.0868194 0.0423269 0.0668086 0.0288529 0.140334 -0.0856311 0.120455 0.0370659 0.0838186 0.188074 0.21264 0.119928 0.150003 0.0676056 0.145105 -0.267304 0.0551852 -0.0673851 -0.298783 -0.353864 0.224064 -0.303922 -0.198433 0.0791099 0.122515 0.0956197 0.208996 0.0256666 -0.0215418 0.238602 0.216607
0 0 12 12 -0.0714637 0.0687873 0.00688816 0.273774 -0.0316558 -0.0817676 -0.178724 -0.0633329 0.367345 -0.278158 -0.367345 0.246333 0.0944701 -0.0301235 -0.205012 0.115149 0.0544096 0.17513 -0.0667834 -0.14543 -0.215488 -0.0988798 -0.151138 0.180846 0.208308 0.105936 0.180552 -0.0204364 0.190727 -0.286125 -0.0906383 0.0382712 0.027791
0 12 10 40 -0.342903 0.128779 0.109326 0.164077 -0.135652 0.0312311 0.268438 0.0616657 -0.11117 0.13753 0.0283449 -0.035758 0.166542 0.32996 0.0252785 -0.0717739 0.131112 0.0415648 -0.047297 -0.240239 0.0397304 0.172656 -0.178721 -0.0988034 -0.00147042 0.303738 0.242709 -0.119001 -0.206161 0.196196 0.300108 0.233399 0.0569171
4 0 28 28 -0.288066 -0.0461328 0.102094 0.166018 -0.125873 -0.226642 0.178913 0.1591 0.137422 -0.346631 -0.123532 0.166489 0.271089 -0.0728755 0.0345314 -0.034455 0.210162 0.116892 0.0343845 -0.0871888 0.204719 0.333614 -0.00106833 -0.242141 -0.00778771 -0.100743 0.0319739 0.207797 0.199277 0.136258 0.291612 -0.0288582 -0.0473814
0 28 12 18 0.0517228 0.0292082 0.0463259 -0.329462 -0.25075 0.112926 0.00574173 -0.307556 -0.165764 -0.166187 0.183227 0.127179 -0.106815 -0.263617 0.294017 -0.153897 -0.142859 0.0301752 0.0756057 -0.286145 -0.0883131 0.127411 0.1179 -0.223568 0.0468886 0.12524 -0.260041 0.060871 0.0258652 0.204197 0.0359003 0.137727 -0.247158
0 8 16 32 -0.356714 0.249932 0.221097 -0.0168555 -0.0827202 0.0765557 0.0904202 0.0842132 0.0965779 0.121169 0.111687 0.243006 -0.0923479 -0.233642 -0.0295169 0.356714 0.217015 0.306135 0.150203 -0.181879 0.0576849 0.189963 0.00113457 -0.105558 0.0540479 0.123675 0.112196 0.0449111 0.136165 0.264718 0.202068 0.152212 -0.058597
32 16 24 6 -0.0633069 0.0639196 0.200112 0.0429214 0.129188 -0.167505 -0.0969188 -0.0956758 0.303819 0.00691869 -0.17093 0.000108239 -0.037736 -0.13716 -0.201883 0.282829 0.0747497 -0.0550658 0.151107 -0.214789 -0.206091 -0.130518 -0.0300473 0.179314 0.335138 -0.103919 -0.258331 -0.109827 -0.326236 -0.0881816 -0.0305627 0.335682 -0.119909
16 16 24 6 -0.139817 -0.119047 0.0241857 0.26542 0.0632267 0.10139 0.359776 -0.0837487 -0.349224 -0.0939299 0.0552194 -0.0832353 0.154985 -0.0925784 -0.0992851 -0.0447156 0.263745 -0.141186 -0.141546 0.0374868 -0.0429515 0.0554098 0.196247 -0.133214 -0.121822 -0.257366 -0.16401 0.145791 0.232252 0.318929 -0.041972 0.238895 -0.181111
24 8 32 16 -0.093295 -0.188798 0.167975 -0.0648727 0.120263 -0.0624126 -0.08289 -0.0883085 0.376644 0.0601179 0.124794 0.113311 0.0922177 -0.0816763 0.0182371 0.142913 0.108324 -0.0393757 -0.376644 -0.0564407 0.108069 0.0139163 -0.376644 0.122485 -0.147937 -0.0281802 -0.174382 -0.108585 0.20027 0.183327 -0.281952 0.182739 0.300207
16 0 12 24 0.147723 -0.111049 -0.298664 -0.0505537 0.163766 0.207489 -0.20621 -0.0422582 0.0274678 -0.177597 -0.0619923 -0.0733915 -0.267081 0.00792977 0.105377 -0.159464 -0.25401 -0.107122 0.295754 -0.0290895 -0.128547 -0.258649 0.0984772 -0.1017 0.278177 -0.0616058 -0.0417003 -0.246934 -0.106334 -0.0748405 0.202697 -0.350319 -0.0891358
20 16 12 18 -0.357274 0.0227091 0.153656 -0.136741 -0.000167561 0.165184 0.160456 -0.0678543 0.111486 0.261272 0.0164766 0.0476693 0.150987 0.284565 0.0464967 -0.020055 -0.166326 -0.0277124 0.0859456 -0.0421532 -0.276823 -0.238613 0.150634 0.0643184 -0.0663986 -0.198721 0.180931 0.0674542 0.357274 0.0877289 0.172121 0.0018276 0.357274
0 20 16 32 -0.352674 -0.0827081 0.352674 -0.0433689 0.0353737 -0.168412 0.187774 -0.327573 0.231588 0.0115062 0.186571 -0.13947 -0.0935848 -0.126614 0.216786 0.101625 0.153038 0.254189 -0.0555575 -0.04574 -0.0244574 0.236537 -0.0388794 0.106648 -0.130331 0.146076 -0.0139851 0.185298 0.137879 0.220196 0.124055 0.22362 -0.0393901
16 32 6 24 0.35314 -0.0464704 0.0893055 -0.247692 -0.0812909 -0.047754 -0.120777 -0.200108 -0.121428 -0.207914 0.0714004 -0.108832 0.125561 0.0826822 -0.117051 -0.188759 -0.2725 -0.302853 -0.267466 0.0828773 -0.102894 -0.212356 -0.0180781 -0.0818038 -0.254142 -0.243509 -0.125522 -0.227293 -0.0102899 0.145388 -0.110514 -0.224181 -0.0324017
4 16 24 12 -0.379228 0.352048 0.0408043 0.211532 0.200575 0.166024 -0.0653108 0.0844944 -0.118351 0.109225 0.192172 -0.00740761 0.00782143 -0.0589999 0.0296564 -0.0170904 0.0382666 -0.144619 0.215364 0.383794 0.0998345 0.0113121 0.383794 0.191966 0.207462 -0.157197 -0.00104269 0.0730233 0.0131798 -0.193502 0.0654467 -0.0324624 -0.022589
4 4 20 20 -0.00952226 0.166281 -0.255877 0.291615 0.136577 -0.236633 -0.281776 -0.0382542 0.093129 0.0210011 -0.210995 0.0159018 -0.186956 -0.271671 -0.254136 0.236161 -0.0293809 0.133213 0.179019 -0.107476 0.012715 0.205725 0.0731291 -0.23793 0.0102894 0.0220334 0.177063 0.0105557 0.122621 0.0971965 0.286539 -0.116336 -0.233465
28 0 40 10 -0.364762 0.101978 -0.06993 0.0671754 0.0918052 0.364762 0.364762 0.0172487 -0.111021 0.0766637 0.362573 0.192178 -0.0101386 -0.0484997 0.294147 0.0881197 0.146921 0.0210519 0.0623327 -0.0187385 0.0635893 -0.0176265 -0.0259005 0.107812 0.347421 -0.0311182 -0.164317 0.000799173 0.0567065 0.108528 -0.0883164 0.248268 0.04461
0 12 28 28 -0.0244824 -0.00925438 0.328235 -0.233721 0.0311089 -0.1085 0.0735091 -0.347921 0.241166 -0.0501863 0.0375596 -0.0911481 -0.100567 -0.0476686 0.0956279 -0.0600379 -0.10362 0.0523606 -0.216847 -0.347921 0.00118363 0.294078 -0.218355 -0.210129 -0.113155 -0.00244335 -0.0259335 0.278354 -0.0614987 0.0485639 0.281325 0.190383 -0.140988

20 0.492712
16 20 12 18 -0.355825 -0.0849579 0.193666 -0.06038 -0.188332 -0.152479 0.286085 -0.151126 0.0294409 0.0696937 0.156116 0.000798427 -0.0522671 0.0379932 0.160249 0.105214 0.065277 -0.153437 -0.0549049 -0.0790872 -0.211376 -0.202811 0.112811 -0.194551 -0.203889 0.0325625 0.113215 0.251163 0.355825 0.214059 0.181673 0.202802 0.203933
0 0 40 20 -0.355534 0.0495986 -0.0259406 0.0394718 -0.0748107 -0.131001 -0.0907272 0.355534 0.174169 0.0391185 -0.0586098 -0.251036 0.180784 0.183779 -0.315238 -0.170027 0.250274 0.0339149 0.180354 -0.0301062 -0.027218 0.139058 0.31376 -0.0948516 0.0697149 0.0206231 0.179817 0.197221 0.0258361 -0.000566198 0.279367 0.1497 0.0750943
24 0 24 6 -0.0387105 -0.303917 -0.285763 0.164495 0.104588 0.159807 0.201042 -0.0729738 -0.113923 -0.2504 0.109759 0.351262 -0.117651 -0.127758 0.189361 -0.0681028 -0.0307946 0.222764 0.134511 0.122739 -0.0426493 -0.11689 -0.0185939 0.351262 -0.0805653 -0.22587 -0.192647 -0.0596012 -0.00974456 0.068506 0.025476 -0.226745 -0.212791
0 0 24 6 -0.00328181 -0.0394419 -0.0148893 0.0490162 -0.114432 0.0270485 -0.108848 -0.161898 0.174285 0.338484 -0.198811 -0.346535 -0.0445277 0.357295 -0.139599 0.00760145 -0.0397912 0.11658 0.151841 -0.201969 -0.0309082 0.0381716 -0.0432399 -0.107884 0.19209 0.00296941 0.188582 -0.245603 0.357295 -0.0166136 -0.12605 -0.288245 -0.158119
4 0 36 24 -0.229632 0.125842 -0.139996 0.341995 -0.123055 0.056049 0.231749 0.362779 -0.193078 0.131855 -0.103748 -0.14405 0.109446 0.205507 -0.219706 0.0611212 0.128551 0.0260514 0.110215 -0.148479 0.140981 0.0433203 -0.0700003 -0.244548 0.113229 -0.0675062 0.238477 0.0767165 -0.151879 -0.0773991 0.362779 -0.0737224 -0.0626843
4 12 16 32 -0.349669 0.0934973 -0.0433946 0.0455007 0.0692512 0.227189 0.0877295 -0.151815 -0.178345 0.0832234 0.326786 0.0786247 0.0164697 0.0113516 0.200575 -0.099534 0.0665867 0.0639672 0.0715748 0.349669 0.207605 0.00444453 0.192106 0.144447 0.0211371 0.0963441 0.083712 0.259732 0.017893 -0.319035 -0.022925 0.332646 0.176825
12 16 12 12 -0.194799 -0.0388144 0.0588327 -0.0847749 0.0708561 0.200872 0.156875 -0.121623 0.109985 0.0690062 0.203379 0.182347 -0.175073 0.223844 0.359174 -0.0051209 -0.190568 -0.252114 -0.0544104 -0.216784 0.00732597 -0.161061 0.0253563 -0.274 0.165329 0.095113 -0.0159114 -0.22864 0.20757 0.026183 -0.216803 0.170354 0.304913
28 0 12 12 0.318203 -0.0284636 -0.134757 -0.0623851 -0.0658265 0.0823838 0.0936769 -0.0967906 -0.0955898 -0.210992 -0.144277 0.0315064 -0.216275 0.0613457 -0.014586 -0.163064 -0.35547 -0.124642 -0.309018 -0.0840425 0.00996585 0.103899 -0.0723962 -0.14953 0.0177424 -0.110999 0.0785139 -0.159063 -0.35547 -0.173776 0.143586 -0.35547 -0.229811
8 0 24 6 -0.175349 -0.369931 -0.369931 0.0689196 0.318128 0.207844 -0.127685 -0.034805 0.16107 0.359962 0.00963878 0.0725713 -0.0171161 -0.21558 -0.0623839 0.0494303 0.0532478 0.109492 0.20812 -0.166211 0.209726 -0.0508245 -0.101085 -0.0683841 0.175792 0.180382 0.177437 0.0269813 0.139335 0.00768251 0.0144206 -0.202622 -0.000969823
20 16 12 18 -0.343207 0.102355 -0.00663733 -0.146435 0.136877 0.250755 -0.126919 0.0523459 0.102048 0.21976 0.326635 0.250222 0.172884 0.0944942 0.132515 0.122999 0.202045 0.0597747 -0.0767562 0.0570763 -0.317592 -0.179375 0.0638264 0.2381 -0.284613 -0.174329 -0.138797 0.00863228 0.227418 0.0691676 0.0498199 0.0447062 -0.0359791
8 0 16 24 -0.337293 0.0112117 0.140064 0.175549 -0.159035 -0.266601 0.24807 0.0913006 0.0629403 -0.192277 -0.161893 0.191635 0.347214 0.245097 0.139755 0.0770756 0.142081 0.253558 0.181741 -0.122174 -0.143395 0.0830959 0.033478 0.0188697 -0.0566149 -0.0655465 -0.0143233 0.0967009 0.309689 0.0741429 -0.126052 0.0210314 0.230963
12 24 12 12 -0.0229442 0.233005 0.00823933 0.12258 0.0164209 0.097446 0.100636 0.212688 -0.238383 -0.0762261 0.233353 -0.0260986 -0.0223956 -0.21268 0.27941 -0.113235 0.196307 0.0913104 0.0738931 -0.0986351 -0.156226 0.117394 0.187655 -0.114021 -0.359973 -0.261448 0.140836 0.0555587 0.221394 0.131709 -0.181928 -0.231685 -0.278226
0 16 24 12 0.136557 0.260991 0.347775 -0.307268 0.115167 -0.0626951 0.146692 -0.169854 0.126629 -0.0600288 -0.0831143 0.0241952 -0.157044 -0.349752 -0.114701 -0.152273 -0.256997 0.0191854 -0.244117 -0.125203 -0.169899 0.0405025 0.0131678 -0.0238208 -0.295657 -0.0282338 -0.0529461 -0.176159 0.291525 0.127578 0.00397734 -0.0971357 0.0637514
8 24 16 32 -0.216731 0.118243 -0.0308099 -0.0148446 0.254907 0.106909 -0.25851 0.200073 0.311102 -0.017207 0.23162 -0.105953 -0.108977 -0.03791 -0.0268025 0.15803 0.356442 -0.0193316 -0.152621 0.123508 -0.0428845 -0.0712054 0.102247 0.35057 0.0743518 -0.211981 -0.207159 0.05231 -0.0138823 -0.0688607 -0.0933511 0.356442 -0.0109964
0 0 24 16 -0.177298 -0.208877 -0.206358 0.175199 0.0132065 -0.349992 -0.0504065 0.368628 0.193642 -0.100228 0.0663612 -0.0896606 0.00961679 -0.179511 -0.0791351 -0.0394931 0.265098 0.14645 -0.0187533 0.178319 -0.0774881 -0.010278 0.318643 -0.0651098 -0.335787 0.10758 0.218906 -0.00904693 0.141864 -0.0391214 -0.0178451 -0.00617555 0.221648
24 16 12 12 -0.0982249 0.0842786 0.238069 -0.110774 -0.0342472 0.0635099 0.0374755 0.0603294 0.155526 -0.0965272 -0.00100877 0.0744147 0.151814 -0.15993 -0.128839 -0.351576 -0.0927331 -0.026643 -0.0128511 -0.351576 -0.351576 -0.0959682 -0.118269 -0.0896834 -0.116561 0.023111 0.0699955 0.310829 0.323567 0.160669 0.226554 0.274352 0.0728858
0 8 12 12 -0.151903 0.0985606 0.27541 0.143458 -0.37239 -0.0400017 0.37239 -0.140562 0.0038312 -0.138556 0.0927793 -0.120109 0.266234 -0.0423184 -0.158442 -0.120287 0.123828 0.336358 -0.0397557 -0.149803 -0.1682 0.203062 0.0203203 0.0433404 -0.022239 0.267052 -0.11655 0.192067 0.147455 0.0922221 -0.0292117 0.116053 -0.122392
4 0 12 18 0.162799 -0.371269 -0.173545 0.0508704 -0.0450171 -0.232117 0.270764 -0.295533 -0.0158704 -0.148539 -0.0430593 -0.0248886 0.147322 -0.0356505 -0.185856 0.0180682 0.152023 0.135377 -0.0539468 0.359887 0.11376 -0.244847 -0.211427 0.104776 0.0496289 0.0701931 0.00542941 -0.22125 -0.125027 -0.198438 -0.273262 -0.0145842 -0.060698
20 16 24 6 -0.0844706 -0.287436 0.0762646 0.0480541 0.0555601 0.13261 0.358743 -0.337719 -0.146105 0.195586 -0.0548101 -0.0233221 -0.217843 -0.0337133 0.0547939 0.336756 -0.0760191 -0.133927 0.00485915 -0.00191524 0.113374 0.0410014 0.0691634 0.0102444 -0.195075 -0.132066 -0.156875 0.0783428 0.0116809 0.358743 0.110237 -0.0290056 -0.358743
4 0 36 36 -0.128169 0.0978964 -0.124896 0.0100797 -0.0446035 0.015833 -0.161798 0.121585 -0.0781117 0.0369208 0.35381 -0.0541582 -0.0651482 -0.127074 0.158509 -0.100049 0.13683 -0.0605186 0.0494149 -0.0785013 0.00863432 -0.0648985 0.00992966 -0.130761 0.0882867 0.3453 0.117952 -0.356226 0.174604 0.229187 -0.38437 -0.113972 0.38437

13 0.491548
12 28 12 12 -0.200607 -0.174858 -0.0873463 0.0692725 -0.173341 -0.0886708 0.208665 -0.16791 -0.333979 -0.181617 -0.00816617 -0.0732494 -0.0254685 0.000333886 0.164152 -0.290145 -0.00710334 0.134936 -0.156172 0.192314 0.173842 0.244882 0.079008 0.116126 -0.128667 -0.30041 0.239475 0.351866 0.230935 0.00707272 0.024345 -0.0429539 0.0427789
8 16 12 18 -0.356307 0.192768 0.0215762 -0.0698033 0.0343807 0.157224 -0.0289293 -0.141862 -0.0596456 -0.163668 0.167475 0.0387064 0.0643171 0.108208 0.318379 -0.190548 0.0979364 0.201056 0.067561 0.0603618 0.356307 0.243772 0.0838357 0.179005 0.333268 0.0442975 -0.0397763 0.200942 -0.0585431 -0.100261 0.130687 0.268266 -0.136425
12 8 12 18 -0.130774 -0.0470889 0.0942356 -0.323515 0.0926052 -0.0390379 -0.300145 -0.200218 0.243855 -0.284586 -0.0734024 0.0684762 -0.00623924 -0.323341 -0.18631 0.186516 0.353946 0.117369 -0.0464678 -0.0764932 0.081614 0.286052 0.0110171 -0.0450359 0.00165322 0.0799114 -0.0636587 0.058027 0.204581 0.196579 -0.161531 0.183629 0.00969784
0 24 12 12 0.254658 0.178759 0.212054 -0.211155 -0.366471 0.118058 0.0459213 -0.117913 -0.131732 -0.0531079 -0.13248 0.0921003 -0.0728951 -0.159077 -0.0900882 -0.00642833 -0.149834 0.21375 0.0634759 -0.366471 -0.301026 -0.217406 -0.13007 0.00517247 -0.0320861 0.116019 0.100718 -0.304198 0.0240354 -0.186637 -0.19739 -0.0195026 0.0103137
8 0 12 24 -0.316961 -0.0612875 -0.123112 -0.151291 0.113232 0.0817553 -0.24977 -0.190993 0.052877 -0.237053 -0.23046 0.136164 0.314407 0.279637 0.261604 -0.132783 -0.0353054 0.226971 0.189056 0.242973 -0.0461258 -0.10533 0.199624 0.0863587 0.0867396 0.128497 0.0245403 0.170218 0.115975 0.170228 0.169983 0.00273582 0.0518919
0 12 20 40 -0.262754 0.0631918 0.0992989 0.285741 0.00822508 -0.117375 0.168484 0.105062 -0.0600714 0.00775516 0.367392 0.24032 -0.153407 -0.222001 0.367392 0.0659195 -0.00202852 -0.205762 -0.011006 -0.0414918 0.185944 -0.136317 -0.0893234 -0.201768 0.238475 0.0960887 -0.105912 0.0833978 -0.0617256 -0.100453 -0.141124 0.308557 0.05641
0 0 30 20 -0.241076 0.0773339 -0.296339 0.308083 -0.0289439 -0.179286 -0.259593 0.387667 -0.0877719 0.178794 0.0514634 -0.0276347 0.180565 0.249851 -0.0493125 0.054561 0.0676724 -0.0275184 0.174176 0.193782 0.117268 -0.146362 0.214684 -0.183842 -0.0117123 -0.00436516 0.172473 -0.189642 0.0351496 -0.0463986 0.0867103 -0.25924 0.119707
4 8 20 30 -0.221872 0.190842 0.028579 -0.0789041 -0.0766449 0.195163 0.0255804 -0.0648916 -0.0692414 0.0322405 0.0303693 0.00161002 0.155343 0.266089 0.0100611 -0.0121109 0.265291 0.348392 -0.0114072 0.256168 -0.0179891 0.23354 0.21951 0.256171 -0.32058 -0.203442 0.183841 -0.156036 -0.0338212 -0.253183 0.0588529 -0.186119 0.121207
4 0 12 12 0.289738 -0.353395 0.0251315 0.126835 0.0493302 -0.149985 0.283424 -0.180662 0.145594 -0.203901 -0.0250087 -0.0573554 -0.115376 -0.202581 0.0612205 -0.13892 -0.0359027 -0.00611708 -0.0325569 -0.0261055 -0.157553 -0.353395 -0.353395 -0.115371 0.0495795 0.146317 -0.0020343 -0.221553 0.0322893 -0.163826 -0.132608 -0.252181 -0.0957213
28 0 40 10 -0.276188 0.0244645 0.124021 0.103401 -0.300119 0.0189585 0.367354 0.0277807 -0.220236 0.0447758 0.0269006 0.158174 -0.110669 -0.0193942 0.191038 0.14007 -0.148675 0.236935 0.0430921 0.134349 0.261529 0.243873 -0.0602449 0.268907 0.272391 0.0588759 -0.1085 -0.219593 -0.0512013 0.114596 -0.195231 0.142447 0.0315542
12 12 18 12 -0.359303 -0.0290903 0.258337 -0.106849 0.315389 0.0411772 0.030496 -0.129233 0.265814 -0.170382 0.102294 0.225797 0.28452 0.161332 0.249552 -0.136057 -0.157236 -0.126773 0.0393495 -0.0513915 0.171415 -0.0825603 0.114351 -0.141394 0.245767 0.0418793 0.159408 0.112051 0.143502 -0.0293581 0.206957 0.148676 0.113074
28 4 12 12 0.0374743 0.102951 -0.0591577 -0.334234 -0.156332 0.217443 0.0579411 0.0567716 0.0636473 -0.109457 0.00139324 -0.129005 0.100363 0.350621 0.127345 -0.246088 -0.0933003 -0.23408 -0.180243 0.208349 -0.0806049 -0.223711 -0.133446 0.248901 -0.00450391 0.0398537 0.237818 -0.300241 -0.258812 -0.0955285 -0.104761 -0.1456 0.0979214
4 8 16 32 -0.11558 0.319708 -0.223057 0.146794 -0.0545246 0.180325 -0.128222 0.315035 -0.350424 0.162092 -0.0150534 0.238707 0.350424 0.269505 -0.122145 0.0902215 0.154041 0.07286 -0.0976643 0.0285925 0.110848 0.0272817 -0.197431 0.0128341 -0.0515451 -0.1602 0.043339 0.20241 0.152088 -0.0976472 0.0239449 -0.168568 -0.0515476

