1 : 1 
0 0 12 12
4 0 12 12
8 0 12 12
12 0 12 12
16 0 12 12
20 0 12 12
24 0 12 12
28 0 12 12
0 4 12 12
4 4 12 12
8 4 12 12
12 4 12 12
16 4 12 12
20 4 12 12
24 4 12 12
28 4 12 12
0 8 12 12
4 8 12 12
8 8 12 12
12 8 12 12
16 8 12 12
20 8 12 12
24 8 12 12
28 8 12 12
0 12 12 12
4 12 12 12
8 12 12 12
12 12 12 12
16 12 12 12
20 12 12 12
24 12 12 12
28 12 12 12
0 16 12 12
4 16 12 12
8 16 12 12
12 16 12 12
16 16 12 12
20 16 12 12
24 16 12 12
28 16 12 12
0 20 12 12
4 20 12 12
8 20 12 12
12 20 12 12
16 20 12 12
20 20 12 12
24 20 12 12
28 20 12 12
0 24 12 12
4 24 12 12
8 24 12 12
12 24 12 12
16 24 12 12
20 24 12 12
24 24 12 12
28 24 12 12
0 28 12 12
4 28 12 12
8 28 12 12
12 28 12 12
16 28 12 12
20 28 12 12
24 28 12 12
28 28 12 12
0 0 20 20
4 0 20 20
8 0 20 20
12 0 20 20
16 0 20 20
20 0 20 20
0 4 20 20
4 4 20 20
8 4 20 20
12 4 20 20
16 4 20 20
20 4 20 20
0 8 20 20
4 8 20 20
8 8 20 20
12 8 20 20
16 8 20 20
20 8 20 20
0 12 20 20
4 12 20 20
8 12 20 20
12 12 20 20
16 12 20 20
20 12 20 20
0 16 20 20
4 16 20 20
8 16 20 20
12 16 20 20
16 16 20 20
20 16 20 20
0 20 20 20
4 20 20 20
8 20 20 20
12 20 20 20
16 20 20 20
20 20 20 20
0 0 28 28
4 0 28 28
8 0 28 28
12 0 28 28
0 4 28 28
4 4 28 28
8 4 28 28
12 4 28 28
0 8 28 28
4 8 28 28
8 8 28 28
12 8 28 28
0 12 28 28
4 12 28 28
8 12 28 28
12 12 28 28
0 0 36 36
4 0 36 36
0 4 36 36
4 4 36 36
1 : 2 
0 0 24 12
4 0 24 12
8 0 24 12
12 0 24 12
16 0 24 12
0 4 24 12
4 4 24 12
8 4 24 12
12 4 24 12
16 4 24 12
0 8 24 12
4 8 24 12
8 8 24 12
12 8 24 12
16 8 24 12
0 12 24 12
4 12 24 12
8 12 24 12
12 12 24 12
16 12 24 12
0 16 24 12
4 16 24 12
8 16 24 12
12 16 24 12
16 16 24 12
0 20 24 12
4 20 24 12
8 20 24 12
12 20 24 12
16 20 24 12
0 24 24 12
4 24 24 12
8 24 24 12
12 24 24 12
16 24 24 12
0 28 24 12
4 28 24 12
8 28 24 12
12 28 24 12
16 28 24 12
0 0 32 16
4 0 32 16
8 0 32 16
0 4 32 16
4 4 32 16
8 4 32 16
0 8 32 16
4 8 32 16
8 8 32 16
0 12 32 16
4 12 32 16
8 12 32 16
0 16 32 16
4 16 32 16
8 16 32 16
0 20 32 16
4 20 32 16
8 20 32 16
0 24 32 16
4 24 32 16
8 24 32 16
0 0 40 20
0 4 40 20
0 8 40 20
0 12 40 20
0 16 40 20
0 20 40 20
2 : 1 
0 0 12 24
4 0 12 24
8 0 12 24
12 0 12 24
16 0 12 24
20 0 12 24
24 0 12 24
28 0 12 24
0 4 12 24
4 4 12 24
8 4 12 24
12 4 12 24
16 4 12 24
20 4 12 24
24 4 12 24
28 4 12 24
0 8 12 24
4 8 12 24
8 8 12 24
12 8 12 24
16 8 12 24
20 8 12 24
24 8 12 24
28 8 12 24
0 12 12 24
4 12 12 24
8 12 12 24
12 12 12 24
16 12 12 24
20 12 12 24
24 12 12 24
28 12 12 24
0 16 12 24
4 16 12 24
8 16 12 24
12 16 12 24
16 16 12 24
20 16 12 24
24 16 12 24
28 16 12 24
0 0 16 32
4 0 16 32
8 0 16 32
12 0 16 32
16 0 16 32
20 0 16 32
24 0 16 32
0 4 16 32
4 4 16 32
8 4 16 32
12 4 16 32
16 4 16 32
20 4 16 32
24 4 16 32
0 8 16 32
4 8 16 32
8 8 16 32
12 8 16 32
16 8 16 32
20 8 16 32
24 8 16 32
0 0 20 40
4 0 20 40
8 0 20 40
12 0 20 40
16 0 20 40
20 0 20 40
2 : 3 
0 0 18 12
4 0 18 12
8 0 18 12
12 0 18 12
16 0 18 12
20 0 18 12
0 4 18 12
4 4 18 12
8 4 18 12
12 4 18 12
16 4 18 12
20 4 18 12
0 8 18 12
4 8 18 12
8 8 18 12
12 8 18 12
16 8 18 12
20 8 18 12
0 12 18 12
4 12 18 12
8 12 18 12
12 12 18 12
16 12 18 12
20 12 18 12
0 16 18 12
4 16 18 12
8 16 18 12
12 16 18 12
16 16 18 12
20 16 18 12
0 20 18 12
4 20 18 12
8 20 18 12
12 20 18 12
16 20 18 12
20 20 18 12
0 24 18 12
4 24 18 12
8 24 18 12
12 24 18 12
16 24 18 12
20 24 18 12
0 28 18 12
4 28 18 12
8 28 18 12
12 28 18 12
16 28 18 12
20 28 18 12
0 0 24 16
4 0 24 16
8 0 24 16
12 0 24 16
16 0 24 16
0 4 24 16
4 4 24 16
8 4 24 16
12 4 24 16
16 4 24 16
0 8 24 16
4 8 24 16
8 8 24 16
12 8 24 16
16 8 24 16
0 12 24 16
4 12 24 16
8 12 24 16
12 12 24 16
16 12 24 16
0 16 24 16
4 16 24 16
8 16 24 16
12 16 24 16
16 16 24 16
0 20 24 16
4 20 24 16
8 20 24 16
12 20 24 16
16 20 24 16
0 24 24 16
4 24 24 16
8 24 24 16
12 24 24 16
16 24 24 16
0 0 30 20
4 0 30 20
8 0 30 20
0 4 30 20
4 4 30 20
8 4 30 20
0 8 30 20
4 8 30 20
8 8 30 20
0 12 30 20
4 12 30 20
8 12 30 20
0 16 30 20
4 16 30 20
8 16 30 20
0 20 30 20
4 20 30 20
8 20 30 20
0 0 36 24
4 0 36 24
0 4 36 24
4 4 36 24
0 8 36 24
4 8 36 24
0 12 36 24
4 12 36 24
0 16 36 24
4 16 36 24
3 : 2 
0 0 12 18
4 0 12 18
8 0 12 18
12 0 12 18
16 0 12 18
20 0 12 18
24 0 12 18
28 0 12 18
0 4 12 18
4 4 12 18
8 4 12 18
12 4 12 18
16 4 12 18
20 4 12 18
24 4 12 18
28 4 12 18
0 8 12 18
4 8 12 18
8 8 12 18
12 8 12 18
16 8 12 18
20 8 12 18
24 8 12 18
28 8 12 18
0 12 12 18
4 12 12 18
8 12 12 18
12 12 12 18
16 12 12 18
20 12 12 18
24 12 12 18
28 12 12 18
0 16 12 18
4 16 12 18
8 16 12 18
12 16 12 18
16 16 12 18
20 16 12 18
24 16 12 18
28 16 12 18
0 20 12 18
4 20 12 18
8 20 12 18
12 20 12 18
16 20 12 18
20 20 12 18
24 20 12 18
28 20 12 18
0 0 16 24
4 0 16 24
8 0 16 24
12 0 16 24
16 0 16 24
20 0 16 24
24 0 16 24
0 4 16 24
4 4 16 24
8 4 16 24
12 4 16 24
16 4 16 24
20 4 16 24
24 4 16 24
0 8 16 24
4 8 16 24
8 8 16 24
12 8 16 24
16 8 16 24
20 8 16 24
24 8 16 24
0 12 16 24
4 12 16 24
8 12 16 24
12 12 16 24
16 12 16 24
20 12 16 24
24 12 16 24
0 16 16 24
4 16 16 24
8 16 16 24
12 16 16 24
16 16 16 24
20 16 16 24
24 16 16 24
0 0 20 30
4 0 20 30
8 0 20 30
12 0 20 30
16 0 20 30
20 0 20 30
0 4 20 30
4 4 20 30
8 4 20 30
12 4 20 30
16 4 20 30
20 4 20 30
0 8 20 30
4 8 20 30
8 8 20 30
12 8 20 30
16 8 20 30
20 8 20 30
0 0 24 36
4 0 24 36
8 0 24 36
12 0 24 36
16 0 24 36
0 4 24 36
4 4 24 36
8 4 24 36
12 4 24 36
16 4 24 36
4 : 1 
0 0 6 24
4 0 6 24
8 0 6 24
12 0 6 24
16 0 6 24
20 0 6 24
24 0 6 24
28 0 6 24
32 0 6 24
0 4 6 24
4 4 6 24
8 4 6 24
12 4 6 24
16 4 6 24
20 4 6 24
24 4 6 24
28 4 6 24
32 4 6 24
0 8 6 24
4 8 6 24
8 8 6 24
12 8 6 24
16 8 6 24
20 8 6 24
24 8 6 24
28 8 6 24
32 8 6 24
0 12 6 24
4 12 6 24
8 12 6 24
12 12 6 24
16 12 6 24
20 12 6 24
24 12 6 24
28 12 6 24
32 12 6 24
0 16 6 24
4 16 6 24
8 16 6 24
12 16 6 24
16 16 6 24
20 16 6 24
24 16 6 24
28 16 6 24
32 16 6 24
0 0 10 40
4 0 10 40
8 0 10 40
12 0 10 40
16 0 10 40
20 0 10 40
24 0 10 40
28 0 10 40
1 : 4 
0 0 24 6
4 0 24 6
8 0 24 6
12 0 24 6
16 0 24 6
0 4 24 6
4 4 24 6
8 4 24 6
12 4 24 6
16 4 24 6
0 8 24 6
4 8 24 6
8 8 24 6
12 8 24 6
16 8 24 6
0 12 24 6
4 12 24 6
8 12 24 6
12 12 24 6
16 12 24 6
0 16 24 6
4 16 24 6
8 16 24 6
12 16 24 6
16 16 24 6
0 20 24 6
4 20 24 6
8 20 24 6
12 20 24 6
16 20 24 6
0 24 24 6
4 24 24 6
8 24 24 6
12 24 24 6
16 24 24 6
0 28 24 6
4 28 24 6
8 28 24 6
12 28 24 6
16 28 24 6
0 32 24 6
4 32 24 6
8 32 24 6
12 32 24 6
16 32 24 6
0 0 40 10
0 4 40 10
0 8 40 10
0 12 40 10
0 16 40 10
0 20 40 10
0 24 40 10
0 28 40 10
